[
  [
    [
      0.9851924975320835,
      0.0029615004935834165,
      0.0029615004935834165,
      0.0029615004935834165,
      0.0029615004935834165,
      0.0029615004935834165
    ],
    [
      0.9851924975320835,
      0.0029615004935834165,
      0.0029615004935834165,
      0.0029615004935834165,
      0.0029615004935834165,
      0.0029615004935834165
    ],
    [
      0.9851924975320835,
      0.0029615004935834165,
      0.0029615004935834165,
      0.0029615004935834165,
      0.0029615004935834165,
      0.0029615004935834165
    ],
    [
      0.9851924975320835,
      0.0029615004935834165,
      0.0029615004935834165,
      0.0029615004935834165,
      0.0029615004935834165,
      0.0029615004935834165
    ],
    [
      0.9851924975320835,
      0.0029615004935834165,
      0.0029615004935834165,
      0.0029615004935834165,
      0.0029615004935834165,
      0.0029615004935834165
    ],
    [
      0.9851924975320835,
      0.0029615004935834165,
      0.0029615004935834165,
      0.0029615004935834165,
      0.0029615004935834165,
      0.0029615004935834165
    ],
    [
      0.9851924975320835,
      0.0029615004935834165,
      0.0029615004935834165,
      0.0029615004935834165,
      0.0029615004935834165,
      0.0029615004935834165
    ],
    [
      0.9851924975320835,
      0.0029615004935834165,
      0.0029615004935834165,
      0.0029615004935834165,
      0.0029615004935834165,
      0.0029615004935834165
    ],
    [
      0.9851924975320835,
      0.0029615004935834165,
      0.0029615004935834165,
      0.0029615004935834165,
      0.0029615004935834165,
      0.0029615004935834165
    ],
    [
      0.9851924975320835,
      0.0029615004935834165,
      0.0029615004935834165,
      0.0029615004935834165,
      0.0029615004935834165,
      0.0029615004935834165
    ],
    [
      0.9851924975320835,
      0.0029615004935834165,
      0.0029615004935834165,
      0.0029615004935834165,
      0.0029615004935834165,
      0.0029615004935834165
    ],
    [
      0.9851924975320835,
      0.0029615004935834165,
      0.0029615004935834165,
      0.0029615004935834165,
      0.0029615004935834165,
      0.0029615004935834165
    ],
    [
      0.9851924975320835,
      0.0029615004935834165,
      0.0029615004935834165,
      0.0029615004935834165,
      0.0029615004935834165,
      0.0029615004935834165
    ],
    [
      0.9851924975320835,
      0.0029615004935834165,
      0.0029615004935834165,
      0.0029615004935834165,
      0.0029615004935834165,
      0.0029615004935834165
    ],
    [
      0.9851924975320835,
      0.0029615004935834165,
      0.0029615004935834165,
      0.0029615004935834165,
      0.0029615004935834165,
      0.0029615004935834165
    ],
    [
      0.9851924975320835,
      0.0029615004935834165,
      0.0029615004935834165,
      0.0029615004935834165,
      0.0029615004935834165,
      0.0029615004935834165
    ],
    [
      0.9851924975320835,
      0.0029615004935834165,
      0.0029615004935834165,
      0.0029615004935834165,
      0.0029615004935834165,
      0.0029615004935834165
    ],
    [
      0.9851924975320835,
      0.0029615004935834165,
      0.0029615004935834165,
      0.0029615004935834165,
      0.0029615004935834165,
      0.0029615004935834165
    ],
    [
      0.9851924975320835,
      0.0029615004935834165,
      0.0029615004935834165,
      0.0029615004935834165,
      0.0029615004935834165,
      0.0029615004935834165
    ],
    [
      0.9851924975320835,
      0.0029615004935834165,
      0.0029615004935834165,
      0.0029615004935834165,
      0.0029615004935834165,
      0.0029615004935834165
    ],
    [
      0.9851924975320835,
      0.0029615004935834165,
      0.0029615004935834165,
      0.0029615004935834165,
      0.0029615004935834165,
      0.0029615004935834165
    ],
    [
      0.9851924975320835,
      0.0029615004935834165,
      0.0029615004935834165,
      0.0029615004935834165,
      0.0029615004935834165,
      0.0029615004935834165
    ],
    [
      0.9851924975320835,
      0.0029615004935834165,
      0.0029615004935834165,
      0.0029615004935834165,
      0.0029615004935834165,
      0.0029615004935834165
    ],
    [
      0.9851924975320835,
      0.0029615004935834165,
      0.0029615004935834165,
      0.0029615004935834165,
      0.0029615004935834165,
      0.0029615004935834165
    ],
    [
      0.9851924975320835,
      0.0029615004935834165,
      0.0029615004935834165,
      0.0029615004935834165,
      0.0029615004935834165,
      0.0029615004935834165
    ],
    [
      0.9851924975320835,
      0.0029615004935834165,
      0.0029615004935834165,
      0.0029615004935834165,
      0.0029615004935834165,
      0.0029615004935834165
    ],
    [
      0.9851924975320835,
      0.0029615004935834165,
      0.0029615004935834165,
      0.0029615004935834165,
      0.0029615004935834165,
      0.0029615004935834165
    ],
    [
      0.9851924975320835,
      0.0029615004935834165,
      0.0029615004935834165,
      0.0029615004935834165,
      0.0029615004935834165,
      0.0029615004935834165
    ],
    [
      0.9851924975320835,
      0.0029615004935834165,
      0.0029615004935834165,
      0.0029615004935834165,
      0.0029615004935834165,
      0.0029615004935834165
    ],
    [
      0.9851924975320835,
      0.0029615004935834165,
      0.0029615004935834165,
      0.0029615004935834165,
      0.0029615004935834165,
      0.0029615004935834165
    ],
    [
      0.9851924975320835,
      0.0029615004935834165,
      0.0029615004935834165,
      0.0029615004935834165,
      0.0029615004935834165,
      0.0029615004935834165
    ],
    [
      0.9851924975320835,
      0.0029615004935834165,
      0.0029615004935834165,
      0.0029615004935834165,
      0.0029615004935834165,
      0.0029615004935834165
    ],
    [
      0.9851924975320835,
      0.0029615004935834165,
      0.0029615004935834165,
      0.0029615004935834165,
      0.0029615004935834165,
      0.0029615004935834165
    ],
    [
      0.9851924975320835,
      0.0029615004935834165,
      0.0029615004935834165,
      0.0029615004935834165,
      0.0029615004935834165,
      0.0029615004935834165
    ],
    [
      0.9851924975320835,
      0.0029615004935834165,
      0.0029615004935834165,
      0.0029615004935834165,
      0.0029615004935834165,
      0.0029615004935834165
    ],
    [
      0.9851924975320835,
      0.0029615004935834165,
      0.0029615004935834165,
      0.0029615004935834165,
      0.0029615004935834165,
      0.0029615004935834165
    ],
    [
      0.9851924975320835,
      0.0029615004935834165,
      0.0029615004935834165,
      0.0029615004935834165,
      0.0029615004935834165,
      0.0029615004935834165
    ],
    [
      0.9851924975320835,
      0.0029615004935834165,
      0.0029615004935834165,
      0.0029615004935834165,
      0.0029615004935834165,
      0.0029615004935834165
    ],
    [
      0.9851924975320835,
      0.0029615004935834165,
      0.0029615004935834165,
      0.0029615004935834165,
      0.0029615004935834165,
      0.0029615004935834165
    ],
    [
      0.9851924975320835,
      0.0029615004935834165,
      0.0029615004935834165,
      0.0029615004935834165,
      0.0029615004935834165,
      0.0029615004935834165
    ]
  ],
  [
    [
      0.9851924975320835,
      0.0029615004935834165,
      0.0029615004935834165,
      0.0029615004935834165,
      0.0029615004935834165,
      0.0029615004935834165
    ],
    [
      0.9585635501196803,
      0.02013065879764239,
      0.005811667395672512,
      0.0029913071894929473,
      0.009511509308018952,
      0.0029913071894929473
    ],
    [
      0.9851924975320835,
      0.0029615004935834165,
      0.0029615004935834165,
      0.0029615004935834165,
      0.0029615004935834165,
      0.0029615004935834165
    ],
    [
      0.9851924975320835,
      0.0029615004935834165,
      0.0029615004935834165,
      0.0029615004935834165,
      0.0029615004935834165,
      0.0029615004935834165
    ],
    [
      0.9851924975320835,
      0.0029615004935834165,
      0.0029615004935834165,
      0.0029615004935834165,
      0.0029615004935834165,
      0.0029615004935834165
    ],
    [
      0.9851924975320835,
      0.0029615004935834165,
      0.0029615004935834165,
      0.0029615004935834165,
      0.0029615004935834165,
      0.0029615004935834165
    ],
    [
      0.8923447736827836,
      0.04588508818994503,
      0.016835589630821237,
      0.004442774082475519,
      0.037497716957987835,
      0.0029940574559866864
    ],
    [
      0.881943828831184,
      0.051138983234189285,
      0.018354121452838785,
      0.0045786044404974875,
      0.040990075759060635,
      0.002994386282229689
    ],
    [
      0.756280880968421,
      0.044947828719227256,
      0.017767525597841182,
      0.0029991585434650633,
      0.12697716461359,
      0.0510274415574555
    ],
    [
      0.4706494128762991,
      0.023030773830650393,
      0.007569458628217757,
      0.002997883903217516,
      0.39489803459607536,
      0.10085443616553982
    ],
    [
      0.7144729144198735,
      0.025254098503417376,
      0.004818907632069488,
      0.0029987178175037636,
      0.2011962331669421,
      0.0512591284601939
    ],
    [
      0.57362504885193,
      0.024624178004172173,
      0.004303091022065577,
      0.002994311094243335,
      0.3914590599333458,
      0.002994311094243335
    ],
    [
      0.8519126917140644,
      0.029945832380559118,
      0.0051482593791941774,
      0.0029949014030846797,
      0.107003413720013,
      0.0029949014030846797
    ],
    [
      0.9446996243096829,
      0.03172018348303913,
      0.005430056222842355,
      0.002995098224424316,
      0.012159939535586974,
      0.002995098224424316
    ],
    [
      0.9446996243096829,
      0.03172018348303913,
      0.005430056222842355,
      0.002995098224424316,
      0.012159939535586974,
      0.002995098224424316
    ],
    [
      0.8519126917140644,
      0.029945832380559114,
      0.005148259379194177,
      0.0029949014030846797,
      0.10700341372001297,
      0.0029949014030846797
    ],
    [
      0.57362504885193,
      0.024624178004172173,
      0.004303091022065577,
      0.002994311094243335,
      0.3914590599333458,
      0.002994311094243335
    ],
    [
      0.8519126917140644,
      0.029945832380559118,
      0.0051482593791941774,
      0.0029949014030846797,
      0.107003413720013,
      0.0029949014030846797
    ],
    [
      0.9446996243096829,
      0.03172018348303913,
      0.005430056222842355,
      0.002995098224424316,
      0.012159939535586974,
      0.002995098224424316
    ],
    [
      0.9446996243096829,
      0.03172018348303913,
      0.005430056222842355,
      0.002995098224424316,
      0.012159939535586974,
      0.002995098224424316
    ],
    [
      0.8519126917140644,
      0.029945832380559114,
      0.005148259379194177,
      0.0029949014030846797,
      0.10700341372001297,
      0.0029949014030846797
    ],
    [
      0.57362504885193,
      0.024624178004172173,
      0.004303091022065577,
      0.002994311094243335,
      0.3914590599333458,
      0.002994311094243335
    ],
    [
      0.8519126917140644,
      0.029945832380559118,
      0.0051482593791941774,
      0.0029949014030846797,
      0.107003413720013,
      0.0029949014030846797
    ],
    [
      0.9446996243096829,
      0.03172018348303913,
      0.005430056222842355,
      0.002995098224424316,
      0.012159939535586974,
      0.002995098224424316
    ],
    [
      0.9459107364147938,
      0.030393078730959852,
      0.005776944229546818,
      0.0029949564288976505,
      0.01192932776690442,
      0.0029949564288976505
    ],
    [
      0.9564735617087535,
      0.022847104615250344,
      0.005263839587728596,
      0.002992783092166376,
      0.009429927903934833,
      0.002992783092166376
    ],
    [
      0.9851924975320835,
      0.0029615004935834165,
      0.0029615004935834165,
      0.0029615004935834165,
      0.0029615004935834165,
      0.0029615004935834165
    ],
    [
      0.49986034745603897,
      0.009410146498444055,
      0.0034000211936719266,
      0.0029904016927298368,
      0.48134868146638526,
      0.0029904016927298368
    ],
    [
      0.48862790389392613,
      0.01591787299043965,
      0.0050065528088809545,
      0.0029929179269210116,
      0.48446183445291136,
      0.0029929179269210116
    ],
    [
      0.7640162074619795,
      0.02286541848384061,
      0.006253778952991101,
      0.0029941376550822263,
      0.20087631979102435,
      0.0029941376550822263
    ],
    [
      0.5869094873419597,
      0.014433936916374603,
      0.004484378902490089,
      0.0029918556761544895,
      0.38818848548686674,
      0.0029918556761544895
    ],
    [
      0.9851924975320835,
      0.0029615004935834165,
      0.0029615004935834165,
      0.0029615004935834165,
      0.0029615004935834165,
      0.0029615004935834165
    ],
    [
      0.49150179506389996,
      0.015153820836912255,
      0.006473126636563881,
      0.002991552105030506,
      0.48088815325256296,
      0.002991552105030506
    ],
    [
      0.7986115326777918,
      0.030360368661904225,
      0.008693722235893882,
      0.0029947073923592728,
      0.1563449616396916,
      0.0029947073923592728
    ],
    [
      0.9341194728601127,
      0.03595714407619419,
      0.006783383124378567,
      0.003198902488793287,
      0.016945332335620074,
      0.00299576511490134
    ],
    [
      0.8420695706509674,
      0.03486692852664041,
      0.005147097236852637,
      0.0034394712885746186,
      0.11148136960741745,
      0.0029955626895474905
    ],
    [
      0.523511822789957,
      0.028902711068948785,
      0.004271355887467138,
      0.0034416544770216853,
      0.4368775742659838,
      0.002994881510621777
    ],
    [
      0.6271200084808077,
      0.02868285407705432,
      0.005644751663536924,
      0.0032041823256545106,
      0.33235305137899285,
      0.002995152073953735
    ],
    [
      0.4522060303330898,
      0.015202175824292211,
      0.00509146778510058,
      0.0029921845491588384,
      0.5215159569591998,
      0.0029921845491588384
    ],
    [
      0.9851924975320835,
      0.0029615004935834165,
      0.0029615004935834165,
      0.0029615004935834165,
      0.0029615004935834165,
      0.0029615004935834165
    ]
  ],
  [
    [
      0.9851924975320835,
      0.0029615004935834165,
      0.0029615004935834165,
      0.0029615004935834165,
      0.0029615004935834165,
      0.0029615004935834165
    ],
    [
      0.8993974416421813,
      0.03043652047343526,
      0.008050126893950255,
      0.002994306220527955,
      0.05612729854937734,
      0.002994306220527955
    ],
    [
      0.767368144591383,
      0.05504189460311483,
      0.016083219533088496,
      0.003925120130203322,
      0.15458656338483923,
      0.0029950577573711525
    ],
    [
      0.6320225561643018,
      0.06661941966147246,
      0.017640329610231546,
      0.007153720584032819,
      0.2735695002207693,
      0.0029944737591921697
    ],
    [
      0.41875215093671325,
      0.0738193035259913,
      0.023403051051101853,
      0.01008754495920732,
      0.47094337851239876,
      0.0029945710145875683
    ],
    [
      0.6847397003003953,
      0.08452545628217692,
      0.03230941291973016,
      0.006412637360762784,
      0.18901792975301507,
      0.002994863383919805
    ],
    [
      0.9851924975320835,
      0.0029615004935834165,
      0.0029615004935834165,
      0.0029615004935834165,
      0.0029615004935834165,
      0.0029615004935834165
    ],
    [
      0.9851924975320835,
      0.0029615004935834165,
      0.0029615004935834165,
      0.0029615004935834165,
      0.0029615004935834165,
      0.0029615004935834165
    ],
    [
      0.6165486828394297,
      0.041213237335743634,
      0.017019743875866192,
      0.002998020459045573,
      0.12173207773023521,
      0.20048823775967978
    ],
    [
      0.002961500493583416,
      0.002961500493583416,
      0.002961500493583416,
      0.002961500493583416,
      0.002961500493583416,
      0.985192497532083
    ],
    [
      0.6833624444819131,
      0.048321746465540216,
      0.003322859694391129,
      0.00420485081209889,
      0.1596257385172342,
      0.10116236002882262
    ],
    [
      0.815001284128291,
      0.05725962202870072,
      0.002994343442334912,
      0.004845125859689615,
      0.1169052810986489,
      0.002994343442334912
    ],
    [
      0.8212615754786954,
      0.05751268222727235,
      0.0029946819682035927,
      0.004848641843207931,
      0.1103877365144172,
      0.0029946819682035927
    ],
    [
      0.7872802174686309,
      0.057122788833422,
      0.002994839335513603,
      0.004854832936986771,
      0.1447524820899333,
      0.002994839335513603
    ],
    [
      0.7872802174686309,
      0.057122788833422,
      0.002994839335513603,
      0.004854832936986771,
      0.1447524820899333,
      0.002994839335513603
    ],
    [
      0.8212615754786954,
      0.05751268222727235,
      0.0029946819682035927,
      0.004848641843207931,
      0.11038773651441719,
      0.0029946819682035927
    ],
    [
      0.815001284128291,
      0.05725962202870072,
      0.002994343442334912,
      0.004845125859689615,
      0.1169052810986489,
      0.002994343442334912
    ],
    [
      0.8212615754786954,
      0.05751268222727235,
      0.0029946819682035927,
      0.004848641843207931,
      0.1103877365144172,
      0.0029946819682035927
    ],
    [
      0.827523282505177,
      0.05776579965181786,
      0.0029950205706250955,
      0.0048521586218160445,
      0.10386871807993908,
      0.0029950205706250955
    ],
    [
      0.8677712185194001,
      0.05840888829955747,
      0.0029952018276730927,
      0.004849483982949058,
      0.06298000554274727,
      0.0029952018276730927
    ],
    [
      0.8615045820698565,
      0.05815568284934609,
      0.0029948631842685904,
      0.004845967293931369,
      0.06950404141832887,
      0.0029948631842685904
    ],
    [
      0.774768074443746,
      0.056616787199377835,
      0.002994162289160645,
      0.004847799995746506,
      0.1577790137828083,
      0.002994162289160645
    ],
    [
      0.7810234387180431,
      0.05686975941509185,
      0.00299450077406766,
      0.004851316068835672,
      0.15126648424989408,
      0.00299450077406766
    ],
    [
      0.8677712185194001,
      0.05840888829955747,
      0.0029952018276730927,
      0.004849483982949058,
      0.06298000554274727,
      0.0029952018276730927
    ],
    [
      0.9099446741064533,
      0.05572587425186782,
      0.004916467312682685,
      0.004458799116931493,
      0.02195825189301478,
      0.0029959333190499545
    ],
    [
      0.9272021693779559,
      0.038866912296237545,
      0.009199318833220402,
      0.0029958564530137136,
      0.01873988658655871,
      0.0029958564530137136
    ],
    [
      0.9851924975320835,
      0.0029615004935834165,
      0.0029615004935834165,
      0.0029615004935834165,
      0.0029615004935834165,
      0.0029615004935834165
    ],
    [
      0.9851924975320835,
      0.0029615004935834165,
      0.0029615004935834165,
      0.0029615004935834165,
      0.0029615004935834165,
      0.0029615004935834165
    ],
    [
      0.8085968269060354,
      0.023989572584695223,
      0.006998017905114941,
      0.002993529977027834,
      0.15442852265009874,
      0.002993529977027834
    ],
    [
      0.8349315511356834,
      0.035142086185567266,
      0.010763241963127328,
      0.0029959976583381134,
      0.11317112539894583,
      0.0029959976583381134
    ],
    [
      0.8404101290445515,
      0.031875413416312705,
      0.009956388367064644,
      0.002994736421055422,
      0.11176859632996042,
      0.002994736421055422
    ],
    [
      0.9851924975320835,
      0.0029615004935834165,
      0.0029615004935834165,
      0.0029615004935834165,
      0.0029615004935834165,
      0.0029615004935834165
    ],
    [
      0.44454299970547617,
      0.023045808171126458,
      0.012138443689205655,
      0.0029924742944772795,
      0.5142877998452372,
      0.0029924742944772795
    ],
    [
      0.6693952739399907,
      0.05352325454367777,
      0.017315101882849848,
      0.0035963628958641638,
      0.2531747024057852,
      0.002995304331832367
    ],
    [
      0.8296942703941315,
      0.07254744461673511,
      0.008616898091470237,
      0.006295848729033969,
      0.07984985237190981,
      0.0029956857967194345
    ],
    [
      0.8190236119595345,
      0.07900161382832976,
      0.004038690376919804,
      0.007314973814823895,
      0.0876254579679824,
      0.0029956520524097433
    ],
    [
      0.6909894768926432,
      0.07902429235849062,
      0.0029939298794814514,
      0.007460745877748885,
      0.21653762511215444,
      0.0029939298794814514
    ],
    [
      0.36923409518699885,
      0.06619043130545883,
      0.005369147984668748,
      0.006605816789412647,
      0.5496057465849812,
      0.0029947621484798883
    ],
    [
      0.38905070005678805,
      0.03225064906021785,
      0.011383918819520724,
      0.0033560019263450835,
      0.5609643330758751,
      0.002994397061253306
    ],
    [
      0.9851924975320835,
      0.0029615004935834165,
      0.0029615004935834165,
      0.0029615004935834165,
      0.0029615004935834165,
      0.0029615004935834165
    ]
  ],
  [
    [
      0.9851924975320835,
      0.0029615004935834165,
      0.0029615004935834165,
      0.0029615004935834165,
      0.0029615004935834165,
      0.0029615004935834165
    ],
    [
      0.7206388352179632,
      0.032260177761853026,
      0.006410062316514125,
      0.003207306107094476,
      0.23448832233187158,
      0.0029952962647037543
    ],
    [
      0.30836145789451647,
      0.06755021148781325,
      0.006357663413453836,
      0.006680399101454016,
      0.6080557648454271,
      0.0029945032573353634
    ],
    [
      0.19208378319190034,
      0.09658954136507136,
      0.006623307180251665,
      0.009726236967548329,
      0.6919830678601937,
      0.0029940634350346298
    ],
    [
      0.2262806490866421,
      0.12672940444860026,
      0.011042126618339658,
      0.01225768727267905,
      0.6206954822064145,
      0.002994650367324605
    ],
    [
      0.46258002565579626,
      0.1426230176220823,
      0.026039056580861548,
      0.011008330091001018,
      0.3547534403461786,
      0.0029961297040802916
    ],
    [
      0.7260282516640334,
      0.08171144813399848,
      0.030959478468257945,
      0.006089304682991337,
      0.15221674723928316,
      0.0029947698114356665
    ],
    [
      0.9851924975320835,
      0.0029615004935834165,
      0.0029615004935834165,
      0.0029615004935834165,
      0.0029615004935834165,
      0.0029615004935834165
    ],
    [
      0.002961500493583416,
      0.002961500493583416,
      0.002961500493583416,
      0.002961500493583416,
      0.002961500493583416,
      0.985192497532083
    ],
    [
      0.3572865564414077,
      0.0380028259146963,
      0.011938170831685935,
      0.003799917250968661,
      0.38832926295189796,
      0.20064326660934342
    ],
    [
      0.732370702901165,
      0.07609307220044573,
      0.004423860705675848,
      0.006935734411878338,
      0.12889786447459622,
      0.05127876530623899
    ],
    [
      0.8581431024656575,
      0.08728560117301583,
      0.002990859039749345,
      0.007742833899725081,
      0.04084674438210314,
      0.002990859039749345
    ],
    [
      0.742126912170858,
      0.08477559274241288,
      0.0029903290809548027,
      0.007687457796246281,
      0.15942937912857347,
      0.0029903290809548027
    ],
    [
      0.3852600935450205,
      0.07840741970623202,
      0.0029887160144360745,
      0.007647107138949275,
      0.5227079475809261,
      0.0029887160144360745
    ],
    [
      0.3852600935450205,
      0.07840741970623202,
      0.0029887160144360745,
      0.007647107138949274,
      0.5227079475809261,
      0.0029887160144360745
    ],
    [
      0.7064878851804924,
      0.08355344673105566,
      0.0029901605829706847,
      0.007627096954425337,
      0.1963512499680853,
      0.0029901605829706847
    ],
    [
      0.825853368903323,
      0.08398646529246,
      0.0029906929775306026,
      0.0075300278596672895,
      0.0766487519894888,
      0.0029906929775306026
    ],
    [
      0.7844937484003472,
      0.08184487713093143,
      0.0029905025882760615,
      0.007442982196895635,
      0.12023738709527368,
      0.0029905025882760615
    ],
    [
      0.5401275042263397,
      0.08006082062454237,
      0.002989416289802516,
      0.007610426587044616,
      0.3662224159824684,
      0.002989416289802516
    ],
    [
      0.777769955963966,
      0.08599787649937832,
      0.002990497597929988,
      0.007747825441215776,
      0.12250334689957998,
      0.002990497597929988
    ],
    [
      0.8224912213349065,
      0.08606309712185567,
      0.0029906904820377646,
      0.007682459240237125,
      0.07778184133892534,
      0.0029906904820377646
    ],
    [
      0.7064878851804924,
      0.08355344673105566,
      0.0029901605829706847,
      0.007627096954425337,
      0.19635124996808528,
      0.0029901605829706847
    ],
    [
      0.504510734070684,
      0.07883931323465035,
      0.0029892478946670553,
      0.00755008850839742,
      0.40312136839693413,
      0.0029892478946670553
    ],
    [
      0.7878556530337125,
      0.0797683722490141,
      0.0029905050834553443,
      0.007290560193208451,
      0.11910440435715444,
      0.0029905050834553443
    ],
    [
      0.869319307505233,
      0.07848581191624247,
      0.0045267244745803925,
      0.006741245809724346,
      0.03793139303583683,
      0.0029955172583829293
    ],
    [
      0.8627907627626856,
      0.07065443523522863,
      0.01697406601046293,
      0.004698315697689505,
      0.0418869351332119,
      0.0029954851607215155
    ],
    [
      0.8813715811336806,
      0.05531381551678457,
      0.019048366506106147,
      0.0034871280411328635,
      0.03778433237435703,
      0.0029947764279388265
    ],
    [
      0.9851924975320835,
      0.0029615004935834165,
      0.0029615004935834165,
      0.0029615004935834165,
      0.0029615004935834165,
      0.0029615004935834165
    ],
    [
      0.9851924975320835,
      0.0029615004935834165,
      0.0029615004935834165,
      0.0029615004935834165,
      0.0029615004935834165,
      0.0029615004935834165
    ],
    [
      0.8934905723970835,
      0.04936848922027462,
      0.01885669121712488,
      0.0029943661542691687,
      0.03229551485697874,
      0.0029943661542691687
    ],
    [
      0.8895663975564825,
      0.05209794038445482,
      0.019696229573013375,
      0.0029948788051868385,
      0.03264967487567574,
      0.0029948788051868385
    ],
    [
      0.8931443998996008,
      0.02981048352089511,
      0.009924117928769554,
      0.002993558913543277,
      0.0611338808236479,
      0.002993558913543277
    ],
    [
      0.9851924975320835,
      0.0029615004935834165,
      0.0029615004935834165,
      0.0029615004935834165,
      0.0029615004935834165,
      0.0029615004935834165
    ],
    [
      0.5007689109951975,
      0.04415858511976624,
      0.0122602740595,
      0.003714456907944748,
      0.4361038590948937,
      0.0029939138226978772
    ],
    [
      0.6796914383535639,
      0.0808378529355923,
      0.01737626366268398,
      0.008199123363773339,
      0.21090021030250403,
      0.0029951113818827116
    ],
    [
      0.7665060430344052,
      0.11507620496827528,
      0.005718720687708469,
      0.010730565320760914,
      0.0989730705715561,
      0.002995395417294167
    ],
    [
      0.7597132535143807,
      0.12165417006286151,
      0.002990623229441826,
      0.010767569133521606,
      0.1018837608303528,
      0.002990623229441826
    ],
    [
      0.6920534073480252,
      0.10631546753496224,
      0.0063051310241198965,
      0.009013958023845714,
      0.18331683076899727,
      0.002995205300049742
    ],
    [
      0.7481119390903572,
      0.05977137161832211,
      0.016442900680612507,
      0.0038993458572161984,
      0.16877976682015236,
      0.0029946759333398286
    ],
    [
      0.9851924975320835,
      0.0029615004935834165,
      0.0029615004935834165,
      0.0029615004935834165,
      0.0029615004935834165,
      0.0029615004935834165
    ]
  ],
  [
    [
      0.9851924975320835,
      0.0029615004935834165,
      0.0029615004935834165,
      0.0029615004935834165,
      0.0029615004935834165,
      0.0029615004935834165
    ],
    [
      0.40289458469913025,
      0.02698168907834417,
      0.0041802069602369565,
      0.00345024521445858,
      0.5594986643564086,
      0.0029946096914214445
    ],
    [
      0.14649162648534625,
      0.06769923499497629,
      0.002991445148222537,
      0.00724438602713899,
      0.7725818621960935,
      0.002991445148222537
    ],
    [
      0.11572704895051221,
      0.10138662306938512,
      0.0029876214981293067,
      0.009879749414849143,
      0.767031335568995,
      0.0029876214981293067
    ],
    [
      0.24496766359084693,
      0.13155346814628696,
      0.0029926427193248204,
      0.012175452830637442,
      0.6053181299935791,
      0.0029926427193248204
    ],
    [
      0.48686333630226203,
      0.13647869385144878,
      0.011244517632931847,
      0.012711705028628116,
      0.3497064973465122,
      0.0029952498382172952
    ],
    [
      0.437940249807126,
      0.07877699707916615,
      0.023914641360764034,
      0.010329916844511141,
      0.4460434018776318,
      0.002994793030801113
    ],
    [
      0.9851924975320835,
      0.0029615004935834165,
      0.0029615004935834165,
      0.0029615004935834165,
      0.0029615004935834165,
      0.0029615004935834165
    ],
    [
      0.9851924975320835,
      0.0029615004935834165,
      0.0029615004935834165,
      0.0029615004935834165,
      0.0029615004935834165,
      0.0029615004935834165
    ],
    [
      0.7204945879494462,
      0.06481230333407746,
      0.018819377395738423,
      0.006130843128148024,
      0.13860240841985375,
      0.05114047977273606
    ],
    [
      0.7637112977568988,
      0.10714775466818968,
      0.011570104471502992,
      0.009218168427459617,
      0.10535726542832308,
      0.002995409247625671
    ],
    [
      0.7672171431898182,
      0.12024653536875567,
      0.00408864374397492,
      0.010456382536766073,
      0.09499596472348548,
      0.002995330437199829
    ],
    [
      0.6215990796071375,
      0.1184970988383044,
      0.002989989069654912,
      0.01070948279863647,
      0.243214360616612,
      0.002989989069654912
    ],
    [
      0.3596940910976704,
      0.11108360821617483,
      0.002988764124905864,
      0.010407433389632827,
      0.5128373390467104,
      0.002988764124905864
    ],
    [
      0.5021295549509652,
      0.11597693841046147,
      0.002989437601238866,
      0.010649431287651579,
      0.3652652001484441,
      0.002989437601238866
    ],
    [
      0.410514089587071,
      0.10942754084968191,
      0.0029889823938884803,
      0.010170796051148727,
      0.4639096087243217,
      0.0029889823938884803
    ],
    [
      0.6716603378751166,
      0.10830051878558455,
      0.002990154605671789,
      0.009781506215871795,
      0.20427732791208383,
      0.002990154605671789
    ],
    [
      0.7208504181736091,
      0.09441230283365988,
      0.0029902981953640385,
      0.008720946948687035,
      0.17003573565331592,
      0.0029902981953640385
    ],
    [
      0.6946938062820798,
      0.11067560871619708,
      0.0029902769307179784,
      0.009963533805972487,
      0.17868649733431483,
      0.0029902769307179784
    ],
    [
      0.7237372656798623,
      0.11384621359324015,
      0.002995147262244097,
      0.01008463171791273,
      0.0981598585895522,
      0.051176883157188435
    ],
    [
      0.6528154684568984,
      0.10577851697499141,
      0.0029949099483888094,
      0.009437653488079695,
      0.1280844862365605,
      0.10088896489508115
    ],
    [
      0.43838569113876646,
      0.1040675241699362,
      0.002994471211139889,
      0.00960224295075014,
      0.3940104542677517,
      0.05093961626165555
    ],
    [
      0.6234263563706711,
      0.10822857844199689,
      0.0029899399654903453,
      0.009842564545220554,
      0.2525226207111309,
      0.0029899399654903453
    ],
    [
      0.7309353002742534,
      0.08818323502051063,
      0.0029903056798911767,
      0.008263714626281142,
      0.16663713871917246,
      0.0029903056798911767
    ],
    [
      0.8116392447815555,
      0.08890776518473889,
      0.0029947217830733324,
      0.008029264662565365,
      0.08543428180499357,
      0.0029947217830733324
    ],
    [
      0.7837823063175707,
      0.10504594285524577,
      0.008142411619349246,
      0.008905101691422222,
      0.09112887554583014,
      0.0029953619705820225
    ],
    [
      0.7497706595008357,
      0.09147966995155388,
      0.01862633177122959,
      0.008135310638630606,
      0.1289928414435361,
      0.0029951866942141848
    ],
    [
      0.7966530814212796,
      0.08020644161838696,
      0.021127984851729315,
      0.007373661831118793,
      0.09164387574581713,
      0.0029949545316683168
    ],
    [
      0.8514346412760557,
      0.066642668049518,
      0.02237794704371877,
      0.0059056511372439545,
      0.050644377501937586,
      0.0029947149915260027
    ],
    [
      0.9851924975320835,
      0.0029615004935834165,
      0.0029615004935834165,
      0.0029615004935834165,
      0.0029615004935834165,
      0.0029615004935834165
    ],
    [
      0.8962166245500293,
      0.04773270494578271,
      0.018451696178670447,
      0.0029937360895690318,
      0.031611502146379505,
      0.0029937360895690318
    ],
    [
      0.9440571857084643,
      0.027122770982802673,
      0.008626471584068632,
      0.002992413598170821,
      0.014208744528322902,
      0.002992413598170821
    ],
    [
      0.9851924975320835,
      0.0029615004935834165,
      0.0029615004935834165,
      0.0029615004935834165,
      0.0029615004935834165,
      0.0029615004935834165
    ],
    [
      0.9851924975320835,
      0.0029615004935834165,
      0.0029615004935834165,
      0.0029615004935834165,
      0.0029615004935834165,
      0.0029615004935834165
    ],
    [
      0.40689397249963816,
      0.0772035524502584,
      0.02050470764768736,
      0.011715971242871895,
      0.48068713520289724,
      0.0029946609566470633
    ],
    [
      0.5927286017016797,
      0.14152744586255886,
      0.007582303550433683,
      0.014078270001851901,
      0.24108817077391065,
      0.0029952081095651595
    ],
    [
      0.6461706615375624,
      0.1470703143571219,
      0.0029902448303820053,
      0.013165915020299719,
      0.18761261942425211,
      0.0029902448303820053
    ],
    [
      0.694594446802675,
      0.11608604079527954,
      0.006795852613598525,
      0.009641980028593681,
      0.16988650541680586,
      0.0029951743430474877
    ],
    [
      0.8311926551074096,
      0.0661579974613431,
      0.017472424411887708,
      0.00398910884865777,
      0.07819305745486162,
      0.002994756715840163
    ],
    [
      0.9851924975320835,
      0.0029615004935834165,
      0.0029615004935834165,
      0.0029615004935834165,
      0.0029615004935834165,
      0.0029615004935834165
    ]
  ],
  [
    [
      0.9851924975320835,
      0.0029615004935834165,
      0.0029615004935834165,
      0.0029615004935834165,
      0.0029615004935834165,
      0.0029615004935834165
    ],
    [
      0.7213959816606246,
      0.03294492820069464,
      0.005055848078430835,
      0.0034480641779716294,
      0.23415988713558905,
      0.0029952907466894037
    ],
    [
      0.31217995371523183,
      0.06902685367709366,
      0.0029924969213777474,
      0.007148447090317354,
      0.6056597516746017,
      0.0029924969213777474
    ],
    [
      0.306447823302896,
      0.09722897801258626,
      0.0029884463643562683,
      0.009302694812947196,
      0.5810436111428583,
      0.0029884463643562683
    ],
    [
      0.5173510610809461,
      0.11309731992745017,
      0.0029894875464656955,
      0.010352257514136681,
      0.35322038638453584,
      0.0029894875464656955
    ],
    [
      0.36858709939704815,
      0.10279399338440944,
      0.005406164781217666,
      0.010197135359613025,
      0.5100211425653622,
      0.002994464512349582
    ],
    [
      0.5681332442999638,
      0.07775276900942048,
      0.017288065038266392,
      0.008081337125585406,
      0.32574973279778785,
      0.0029948517289762164
    ],
    [
      0.5491114702980753,
      0.043104591827744475,
      0.011366342604845842,
      0.003584568177757533,
      0.38983924086366756,
      0.002993786227909412
    ],
    [
      0.9851924975320835,
      0.0029615004935834165,
      0.0029615004935834165,
      0.0029615004935834165,
      0.0029615004935834165,
      0.0029615004935834165
    ],
    [
      0.858833383275452,
      0.06262220356790472,
      0.022301877525965116,
      0.005474494473525782,
      0.0477734890379373,
      0.0029945521192150867
    ],
    [
      0.7684295149747234,
      0.11045041010704788,
      0.03188806154826102,
      0.007952003482068615,
      0.07828468778828124,
      0.0029953220996178586
    ],
    [
      0.6312935098149596,
      0.14708858429421667,
      0.009320110062544575,
      0.012591523387165219,
      0.19671114439184403,
      0.0029951280492698973
    ],
    [
      0.34949376769879237,
      0.1412785162049508,
      0.002988914003969907,
      0.013184677054895297,
      0.4900652110334218,
      0.002988914003969907
    ],
    [
      0.5063780407557548,
      0.14737083948499083,
      0.002989625052943587,
      0.013462867324524851,
      0.3268090023288425,
      0.002989625052943587
    ],
    [
      0.55641026596471,
      0.15264807202449557,
      0.0029898691110442476,
      0.01378291862976018,
      0.27117900515894594,
      0.0029898691110442476
    ],
    [
      0.4179940326577418,
      0.1385269642116219,
      0.002989196688893561,
      0.012766469107908728,
      0.42473414064494064,
      0.002989196688893561
    ],
    [
      0.6196888953205983,
      0.1173466825160682,
      0.002989980701378376,
      0.010596624634986502,
      0.24638783612559018,
      0.002989980701378376
    ],
    [
      0.477697284618508,
      0.09412111387599942,
      0.0029892217144916076,
      0.008977436041680872,
      0.4132257220348286,
      0.0029892217144916076
    ],
    [
      0.6482591724188465,
      0.11855991273262675,
      0.0029901055235612216,
      0.010648815264815157,
      0.21655188853658927,
      0.0029901055235612216
    ],
    [
      0.6371862088336386,
      0.1337483100978277,
      0.0029949476231806663,
      0.011900118208861056,
      0.11326760159025492,
      0.10090281364623706
    ],
    [
      0.002961500493583416,
      0.002961500493583416,
      0.002961500493583416,
      0.002961500493583416,
      0.002961500493583416,
      0.985192497532083
    ],
    [
      0.527216340549324,
      0.11653057784586084,
      0.002994549192268283,
      0.01044034682248732,
      0.14248308736124124,
      0.20033509822881837
    ],
    [
      0.6478456820147619,
      0.11198068461514465,
      0.002994972116313349,
      0.01002698596187766,
      0.17603626135056952,
      0.051115413941332934
    ],
    [
      0.4866045942456549,
      0.08639699368831942,
      0.0029892195244406753,
      0.008430849884134372,
      0.4125891231330101,
