[
  [
    [
      0.9851924975320835,
      0.0029615004935834165,
      0.0029615004935834165,
      0.0029615004935834165,
      0.0029615004935834165,
      0.0029615004935834165
    ],
    [
      0.9851924975320835,
      0.0029615004935834165,
      0.0029615004935834165,
      0.0029615004935834165,
      0.0029615004935834165,
      0.0029615004935834165
    ],
    [
      0.9851924975320835,
      0.0029615004935834165,
      0.0029615004935834165,
      0.0029615004935834165,
      0.0029615004935834165,
      0.0029615004935834165
    ],
    [
      0.9851924975320835,
      0.0029615004935834165,
      0.0029615004935834165,
      0.0029615004935834165,
      0.0029615004935834165,
      0.0029615004935834165
    ],
    [
      0.9851924975320835,
      0.0029615004935834165,
      0.0029615004935834165,
      0.0029615004935834165,
      0.0029615004935834165,
      0.0029615004935834165
    ],
    [
      0.9851924975320835,
      0.0029615004935834165,
      0.0029615004935834165,
      0.0029615004935834165,
      0.0029615004935834165,
      0.0029615004935834165
    ],
    [
      0.9851924975320835,
      0.0029615004935834165,
      0.0029615004935834165,
      0.0029615004935834165,
      0.0029615004935834165,
      0.0029615004935834165
    ],
    [
      0.9851924975320835,
      0.0029615004935834165,
      0.0029615004935834165,
      0.0029615004935834165,
      0.0029615004935834165,
      0.0029615004935834165
    ],
    [
      0.9851924975320835,
      0.0029615004935834165,
      0.0029615004935834165,
      0.0029615004935834165,
      0.0029615004935834165,
      0.0029615004935834165
    ],
    [
      0.9851924975320835,
      0.0029615004935834165,
      0.0029615004935834165,
      0.0029615004935834165,
      0.0029615004935834165,
      0.0029615004935834165
    ],
    [
      0.9851924975320835,
      0.0029615004935834165,
      0.0029615004935834165,
      0.0029615004935834165,
      0.0029615004935834165,
      0.0029615004935834165
    ],
    [
      0.9851924975320835,
      0.0029615004935834165,
      0.0029615004935834165,
      0.0029615004935834165,
      0.0029615004935834165,
      0.0029615004935834165
    ],
    [
      0.9851924975320835,
      0.0029615004935834165,
      0.0029615004935834165,
      0.0029615004935834165,
      0.0029615004935834165,
      0.0029615004935834165
    ],
    [
      0.9851924975320835,
      0.0029615004935834165,
      0.0029615004935834165,
      0.0029615004935834165,
      0.0029615004935834165,
      0.0029615004935834165
    ],
    [
      0.9851924975320835,
      0.0029615004935834165,
      0.0029615004935834165,
      0.0029615004935834165,
      0.0029615004935834165,
      0.0029615004935834165
    ],
    [
      0.9851924975320835,
      0.0029615004935834165,
      0.0029615004935834165,
      0.0029615004935834165,
      0.0029615004935834165,
      0.0029615004935834165
    ],
    [
      0.9851924975320835,
      0.0029615004935834165,
      0.0029615004935834165,
      0.0029615004935834165,
      0.0029615004935834165,
      0.0029615004935834165
    ],
    [
      0.9851924975320835,
      0.0029615004935834165,
      0.0029615004935834165,
      0.0029615004935834165,
      0.0029615004935834165,
      0.0029615004935834165
    ],
    [
      0.9851924975320835,
      0.0029615004935834165,
      0.0029615004935834165,
      0.0029615004935834165,
      0.0029615004935834165,
      0.0029615004935834165
    ],
    [
      0.9851924975320835,
      0.0029615004935834165,
      0.0029615004935834165,
      0.0029615004935834165,
      0.0029615004935834165,
      0.0029615004935834165
    ],
    [
      0.9851924975320835,
      0.0029615004935834165,
      0.0029615004935834165,
      0.0029615004935834165,
      0.0029615004935834165,
      0.0029615004935834165
    ],
    [
      0.9851924975320835,
      0.0029615004935834165,
      0.0029615004935834165,
      0.0029615004935834165,
      0.0029615004935834165,
      0.0029615004935834165
    ],
    [
      0.9851924975320835,
      0.0029615004935834165,
      0.0029615004935834165,
      0.0029615004935834165,
      0.0029615004935834165,
      0.0029615004935834165
    ],
    [
      0.9851924975320835,
      0.0029615004935834165,
      0.0029615004935834165,
      0.0029615004935834165,
      0.0029615004935834165,
      0.0029615004935834165
    ],
    [
      0.9851924975320835,
      0.0029615004935834165,
      0.0029615004935834165,
      0.0029615004935834165,
      0.0029615004935834165,
      0.0029615004935834165
    ],
    [
      0.9851924975320835,
      0.0029615004935834165,
      0.0029615004935834165,
      0.0029615004935834165,
      0.0029615004935834165,
      0.0029615004935834165
    ],
    [
      0.9851924975320835,
      0.0029615004935834165,
      0.0029615004935834165,
      0.0029615004935834165,
      0.0029615004935834165,
      0.0029615004935834165
    ],
    [
      0.9851924975320835,
      0.0029615004935834165,
      0.0029615004935834165,
      0.0029615004935834165,
      0.0029615004935834165,
      0.0029615004935834165
    ],
    [
      0.9851924975320835,
      0.0029615004935834165,
      0.0029615004935834165,
      0.0029615004935834165,
      0.0029615004935834165,
      0.0029615004935834165
    ],
    [
      0.9851924975320835,
      0.0029615004935834165,
      0.0029615004935834165,
      0.0029615004935834165,
      0.0029615004935834165,
      0.0029615004935834165
    ],
    [
      0.9851924975320835,
      0.0029615004935834165,
      0.0029615004935834165,
      0.0029615004935834165,
      0.0029615004935834165,
      0.0029615004935834165
    ],
    [
      0.9851924975320835,
      0.0029615004935834165,
      0.0029615004935834165,
      0.0029615004935834165,
      0.0029615004935834165,
      0.0029615004935834165
    ],
    [
      0.9851924975320835,
      0.0029615004935834165,
      0.0029615004935834165,
      0.0029615004935834165,
      0.0029615004935834165,
      0.0029615004935834165
    ],
    [
      0.9851924975320835,
      0.0029615004935834165,
      0.0029615004935834165,
      0.0029615004935834165,
      0.0029615004935834165,
      0.0029615004935834165
    ],
    [
      0.9851924975320835,
      0.0029615004935834165,
      0.0029615004935834165,
      0.0029615004935834165,
      0.0029615004935834165,
      0.0029615004935834165
    ],
    [
      0.9851924975320835,
      0.0029615004935834165,
      0.0029615004935834165,
      0.0029615004935834165,
      0.0029615004935834165,
      0.0029615004935834165
    ],
    [
      0.9851924975320835,
      0.0029615004935834165,
      0.0029615004935834165,
      0.0029615004935834165,
      0.0029615004935834165,
      0.0029615004935834165
    ],
    [
      0.9851924975320835,
      0.0029615004935834165,
      0.0029615004935834165,
      0.0029615004935834165,
      0.0029615004935834165,
      0.0029615004935834165
    ],
    [
      0.9851924975320835,
      0.0029615004935834165,
      0.0029615004935834165,
      0.0029615004935834165,
      0.0029615004935834165,
      0.0029615004935834165
    ],
    [
      0.9851924975320835,
      0.0029615004935834165,
      0.0029615004935834165,
      0.0029615004935834165,
      0.0029615004935834165,
      0.0029615004935834165
    ]
  ],
  [
    [
      0.9851924975320835,
      0.0029615004935834165,
      0.0029615004935834165,
      0.0029615004935834165,
      0.0029615004935834165,
      0.0029615004935834165
    ],
    [
      0.5859033975894447,
      0.010862122421086574,
      0.0029915973745101845,
      0.0029915973745101845,
      0.39425968786593824,
      0.0029915973745101845
    ],
    [
      0.8679048239503853,
      0.018880077208840097,
      0.003293073836428174,
      0.002996000087003045,
      0.10393002483034042,
      0.002996000087003045
    ],
    [
      0.8678455351697043,
      0.020617664852667517,
      0.0031996257530498506,
      0.002995972414531021,
      0.10234522939551631,
      0.002995972414531021
    ],
    [
      0.5782472985020655,
      0.021700341269752982,
      0.003886769080682485,
      0.0029942081801023063,
      0.3901771747872946,
      0.0029942081801023063
    ],
    [
      0.8515952331663965,
      0.029717455231186136,
      0.005114933441618254,
      0.0029949473398138797,
      0.10758248348117155,
      0.0029949473398138797
    ],
    [
      0.9309962824704178,
      0.037419029921512185,
      0.007409407705820466,
      0.003117610051317775,
      0.018062158783554435,
      0.0029955110673773057
    ],
    [
      0.814065680250447,
      0.05335742105975863,
      0.01356319584142692,
      0.0034006514332159746,
      0.11261833331393208,
      0.0029947181012192165
    ],
    [
      0.5278445800923767,
      0.05888416412452894,
      0.012465188213675904,
      0.004026091073611289,
      0.3937860193243678,
      0.002993957171439527
    ],
    [
      0.6644640347710373,
      0.08502529871760876,
      0.028498838275585893,
      0.005603454631363106,
      0.21341394543091052,
      0.0029944281734944397
    ],
    [
      0.7502293650277736,
      0.09560472170444716,
      0.03300417643154917,
      0.006242939581062059,
      0.11192414124758922,
      0.0029946560075788165
    ],
    [
      0.8045169392162904,
      0.09020047877270136,
      0.030371003227676763,
      0.006202027892346803,
      0.06571480757050512,
      0.002994743320479565
    ],
    [
      0.8436940389511366,
      0.0720066945579516,
      0.0197924075941674,
      0.006071144519360769,
      0.05544095436762504,
      0.0029947600097587333
    ],
    [
      0.8770452275540598,
      0.05527575720938212,
      0.015390147675001357,
      0.003751260197898984,
      0.04554270330893589,
      0.0029949040547218365
    ],
    [
      0.9297461388551909,
      0.03522874647818005,
      0.007409145240028186,
      0.002994991964035905,
      0.02162598549852907,
      0.002994991964035905
    ],
    [
      0.9352924202700723,
      0.03522874647818006,
      0.007409145240028188,
      0.002994991964035905,
      0.01607970408364777,
      0.002994991964035905
    ],
    [
      0.8878745810604519,
      0.053740759357947386,
      0.01671893836454614,
      0.0036675572623294556,
      0.035003227347258976,
      0.002994936607466168
    ],
    [
      0.8371266916180825,
      0.054674196920752344,
      0.018662299256772753,
      0.0055361308489655795,
      0.08100618218572765,
      0.002994499169699122
    ],
    [
      0.9851924975320835,
      0.0029615004935834165,
      0.0029615004935834165,
      0.0029615004935834165,
      0.0029615004935834165,
      0.0029615004935834165
    ],
    [
      0.9851924975320835,
      0.0029615004935834165,
      0.0029615004935834165,
      0.0029615004935834165,
      0.0029615004935834165,
      0.0029615004935834165
    ],
    [
      0.39501440840122093,
      0.04251530002662859,
      0.01107141033507179,
      0.003932646535799248,
      0.5444727388723267,
      0.002993495828952716
    ],
    [
      0.3859789400568559,
      0.05017504084606823,
      0.009590959957277451,
      0.004012054375718656,
      0.547249254194729,
      0.002993750569350679
    ],
    [
      0.7775388629743556,
      0.053007757957524285,
      0.013568210617109755,
      0.003364438539199643,
      0.14952599699371621,
      0.0029947329180945456
    ],
    [
      0.8887074444161903,
      0.03553814180810975,
      0.007409704850647122,
      0.002995124318071645,
      0.06235446028890969,
      0.002995124318071645
    ],
    [
      0.7646757517254948,
      0.024969347474193087,
      0.004894702755210353,
      0.002994334820146188,
      0.19947152840480947,
      0.002994334820146188
    ],
    [
      0.5366476058477399,
      0.013114436594042113,
      0.0030633437005455583,
      0.0029945711936568424,
      0.44118547147035886,
      0.0029945711936568424
    ],
    [
      0.8701149486967601,
      0.0170054473933756,
      0.003577894070935654,
      0.002996150552657544,
      0.10330940873361352,
      0.002996150552657544
    ],
    [
      0.9500684212677656,
      0.02818847089866921,
      0.0051217062533567715,
      0.002995393253844705,
      0.01063061507251899,
      0.002995393253844705
    ],
    [
      0.9332563642227467,
      0.03669150664196769,
      0.0074430985042531275,
      0.0029954437008211116,
      0.016618143229390217,
      0.0029954437008211116
    ],
    [
      0.8850584429044143,
      0.05723884701353937,
      0.015423307045571034,
      0.003923371473230267,
      0.03536102970460653,
      0.002995001858638487
    ],
    [
      0.8448408822135965,
      0.07476124663177015,
      0.019825477208373177,
      0.0063153235918016574,
      0.051262213231250665,
      0.0029948571232079257
    ],
    [
      0.79758321193686,
      0.09388744039389925,
      0.03040327883956981,
      0.006525345099516573,
      0.0686058866015486,
      0.002994837128605792
    ],
    [
      0.7755412279851468,
      0.1008820474879292,
      0.03305806897705162,
      0.0066587222749382126,
      0.080865121034071,
      0.00299481224086309
    ],
    [
      0.79758321193686,
      0.09388744039389925,
      0.03040327883956981,
      0.006525345099516573,
      0.0686058866015486,
      0.002994837128605792
    ],
    [
      0.8448408822135965,
      0.07476124663177014,
      0.019825477208373177,
      0.0063153235918016574,
      0.051262213231250665,
      0.0029948571232079257
    ],
    [
      0.7897707891234456,
      0.05669115383338725,
      0.015140279322524444,
      0.004089821146308157,
      0.13131315324246715,
      0.0029948033318675828
    ],
    [
      0.42169562305011066,
      0.0308652499086953,
      0.0060018312029376545,
      0.0034412529497043123,
      0.5350015103256855,
      0.002994532562866511
    ],
    [
      0.2970639410776612,
      0.024030119765203094,
      0.005031436288594331,
      0.003203377559146321,
      0.6676767224266663,
      0.0029944028827288316
    ],
    [
      0.44136377563461365,
      0.01831181339330471,
      0.005836625115277105,
      0.002992063905865168,
      0.5285036580450742,
      0.002992063905865168
    ],
    [
      0.9851924975320835,
      0.0029615004935834165,
      0.0029615004935834165,
      0.0029615004935834165,
      0.0029615004935834165,
      0.0029615004935834165
    ]
  ],
  [
    [
      0.9851924975320835,
      0.0029615004935834165,
      0.0029615004935834165,
      0.0029615004935834165,
      0.0029615004935834165,
      0.0029615004935834165
    ],
    [
      0.8551711486138007,
      0.02608457471200371,
      0.005016689759386731,
      0.0029946794153590662,
      0.1077382280840906,
      0.0029946794153590662
    ],
    [
      0.8404266723224033,
      0.04118862553663001,
      0.002995783465989728,
      0.0035854502824836563,
      0.10880768492650356,
      0.002995783465989728
    ],
    [
      0.7474393873985825,
      0.04245210523098436,
      0.0029922880634968784,
      0.0036305814607093027,
      0.20049334978273003,
      0.0029922880634968784
    ],
    [
      0.6929110710349844,
      0.04317313816389272,
      0.0029926224500885588,
      0.00363098672527357,
      0.2542995591756723,
      0.0029926224500885588
    ],
    [
      0.8160336198772595,
      0.05019694595021222,
      0.002993906365986268,
      0.004175350189585165,
      0.12360627125097057,
      0.002993906365986268
    ],
    [
      0.8835798843853474,
      0.06676690577233164,
      0.0037369725151451833,
      0.005844300344142526,
      0.03707665352673812,
      0.0029952834562951497
    ],
    [
      0.8237020324725326,
      0.08019770667100647,
      0.004799564527208534,
      0.006831191631472346,
      0.08147447324086808,
      0.002995031456912094
    ],
    [
      0.6749452498320309,
      0.10192099031055082,
      0.006107895723929353,
      0.008545710896078125,
      0.20548543213919598,
      0.0029947210982148886
    ],
    [
      0.4446779376073933,
      0.12402704610139745,
      0.00949734756748123,
      0.0106993987931296,
      0.40810390872125224,
      0.0029943612093461572
    ],
    [
      0.6000137441102479,
      0.15302023836552833,
      0.011828463066724606,
      0.012699719293190359,
      0.21944312532729654,
      0.0029947098370123335
    ],
    [
      0.7162075902163595,
      0.1331075060420093,
      0.010561444178781338,
      0.01684108633809138,
      0.1202874719032872,
      0.002994901321471385
    ],
    [
      0.7258726718929578,
      0.10898608411932763,
      0.007927787314285761,
      0.020148115586627973,
      0.13407045364295192,
      0.0029948874438488434
    ],
    [
      0.777618534234819,
      0.0854638644247777,
      0.005689822900933004,
      0.012165898438489618,
      0.1160668240850081,
      0.002995055915972783
    ],
    [
      0.8967956705767117,
      0.05990830412229774,
      0.003742564340074288,
      0.004380665877772275,
      0.03217749494010625,
      0.002995300143037951
    ],
    [
      0.9144138054230496,
      0.053998351962465,
      0.003742472633463776,
      0.0042265054700172285,
      0.020623564641631193,
      0.002995299869373335
    ],
    [
      0.8706532400301003,
      0.07235921721870078,
      0.008380649696930172,
      0.006257759384075403,
      0.0393539137513605,
      0.0029952199188328353
    ],
    [
      0.7537764645571152,
      0.082447938250248,
      0.01917822016476443,
      0.008567897259062903,
      0.1330342572434355,
      0.002995222525374005
    ],
    [
      0.5119236564953483,
      0.08255100023054658,
      0.02349004891942125,
      0.010953518507186516,
      0.36808697246682276,
      0.0029948033806746007
    ],
    [
      0.5922205089944604,
      0.09572320239920813,
      0.029375346325108374,
      0.008813021032451587,
      0.2708731345282759,
      0.0029947867204956967
    ],
    [
      0.3128318648327538,
      0.08811729153938222,
      0.02080052029600069,
      0.011131435849824978,
      0.5641242119906155,
      0.0029946754914229193
    ],
    [
      0.3424393617469773,
      0.09145312730266754,
      0.007045013083062247,
      0.008999495910811577,
      0.5470685577233169,
      0.002994444233164468
    ],
    [
      0.7083087770138379,
      0.07739058964849889,
      0.004843624532579028,
      0.006610945832079522,
      0.1998509001853211,
      0.002995162787683658
    ],
    [
      0.683702632278775,
      0.05394205157983264,
      0.003710746035634988,
      0.004309664319702371,
      0.25133970059303234,
      0.002995205193022654
    ],
    [
      0.38970765731506557,
      0.03442158668920401,
      0.0029937129077842912,
      0.0031413631895191997,
      0.5667419669906427,
      0.0029937129077842912
    ],
    [
      0.7262253819040969,
      0.02228487576566168,
      0.0030084419578194897,
      0.0029984080835564375,
      0.24248448420530905,
      0.0029984080835564375
    ],
    [
      0.9080289705465688,
      0.02619747847001232,
      0.0031870003853364665,
      0.0032209081973645043,
      0.056366729182711205,
      0.002998913218006768
    ],
    [
      0.9273052078362631,
      0.0475561579490935,
      0.0029963095553587715,
      0.003958965472444805,
      0.01518704963148104,
      0.0029963095553587715
    ],
    [
      0.9061033992622716,
      0.05969920141981367,
      0.0038743822253995315,
      0.004680551277580364,
      0.022646772309948555,
      0.00299569350498632
    ],
    [
      0.8600747332389638,
      0.08249232904012914,
      0.005846245799120431,
      0.007055187345221573,
      0.04153598281583986,
      0.002995521760725251
    ],
    [
      0.8003201884487006,
      0.11631313114087327,
      0.008109056807624233,
      0.00998364675227749,
      0.06227855079494536,
      0.002995426055579153
    ],
    [
      0.7285769323834979,
      0.14851108938261565,
      0.010715217461722196,
      0.01261618009328753,
      0.09658522363468722,
      0.0029953570441896226
    ],
    [
      0.6330121343719946,
      0.17197776918238708,
      0.01199545388815186,
      0.014264424879216154,
      0.16575501359831651,
      0.0029952040799338096
    ],
    [
      0.7285769323834979,
      0.14851108938261567,
      0.010715217461722196,
      0.01261618009328753,
      0.0965852236346872,
      0.0029953570441896226
    ],
    [
      0.7612717093192699,
      0.11717025265838277,
      0.008080184078398157,
      0.010076004001452829,
      0.10040650967736296,
      0.0029953402651333315
    ],
    [
      0.7246897715589126,
      0.08908466970409246,
      0.005645549148205097,
      0.007892691852200255,
      0.16969207240727877,
      0.002995245329310891
    ],
    [
      0.6047172878205613,
      0.07881906799450152,
      0.0033535528663308244,
      0.007403647153806048,
      0.3027113391835682,
      0.002995104981232272
    ],
    [
      0.3566329707080084,
      0.06983171697127598,
      0.006080992410672077,
      0.006854826077630392,
      0.5576048510478758,
      0.002994642784537353
    ],
    [
      0.6667437273809727,
      0.05196875343170467,
      0.015285743755739122,
      0.0038547766373352352,
      0.2591523934606297,
      0.0029946053336189055
    ],
    [
      0.9851924975320835,
      0.0029615004935834165,
      0.0029615004935834165,
      0.0029615004935834165,
      0.0029615004935834165,
      0.0029615004935834165
    ]
  ],
  [
    [
      0.9851924975320835,
      0.0029615004935834165,
      0.0029615004935834165,
      0.0029615004935834165,
      0.0029615004935834165,
      0.0029615004935834165
    ],
    [
      0.9352924202700724,
      0.03522874647818005,
      0.007409145240028186,
      0.002994991964035906,
      0.01607970408364777,
      0.002994991964035906
    ],
    [
      0.7829476768653124,
      0.05138077619465101,
      0.0036572802397957026,
      0.004130370935492425,
      0.15488885012070946,
      0.0029950456440390656
    ],
    [
      0.37947889299581283,
      0.04572904545315999,
      0.002987879279792959,
      0.004074406307826214,
      0.5647418966836152,
      0.002987879279792959
    ],
    [
      0.3684126734410241,
      0.045729045453159985,
      0.0029878792797929585,
      0.004074406307826213,
      0.5758081162384039,
      0.0029878792797929585
    ],
    [
      0.6884479680466385,
      0.057181662928242505,
      0.0029892533252178907,
      0.004912913107444605,
      0.24347894926723873,
      0.0029892533252178907
    ],
    [
      0.7845079344609129,
      0.07514914401115502,
      0.0029895729995489872,
      0.00684141345482767,
      0.12752236207400636,
      0.0029895729995489872
    ],
    [
      0.758864141053899,
      0.09902603164439228,
      0.0029895085089326427,
      0.008811422002103851,
      0.1273193882817395,
      0.0029895085089326427
    ],
    [
      0.7376478889977288,
      0.11451403875439309,
      0.0029894231406589547,
      0.01014521727924323,
      0.13171400868731697,
      0.0029894231406589547
    ],
    [
      0.6650377776762628,
      0.13409800798303384,
      0.0029892038160232058,
      0.012076954439149613,
      0.18280885226950733,
      0.0029892038160232058
    ],
    [
      0.6078591483791753,
      0.1441731432855775,
      0.002989039332354192,
      0.012634249593437761,
      0.22935538007710124,
      0.002989039332354192
    ],
    [
      0.5888145833746502,
      0.13837903544111588,
      0.002988920717177705,
      0.02279884214813003,
      0.24402969760174842,
      0.002988920717177705
    ],
    [
      0.4705233864258988,
      0.11394382050661553,
      0.0029883571166295976,
      0.05357669026114031,
      0.3559793885730863,
      0.0029883571166295976
    ],
    [
      0.7361225628210865,
      0.12198815664879167,
      0.002989430345380722,
      0.0190713410235035,
      0.11683907881585706,
      0.002989430345380722
    ],
    [
      0.8910663624166681,
      0.0696937223061362,
      0.002989768369833614,
      0.005042740752162891,
      0.028217637785365506,
      0.002989768369833614
    ],
    [
      0.905769695799278,
      0.062223835456833305,
      0.0029897705139470252,
      0.004740337027618118,
      0.02128659068837661,
      0.0029897705139470252
    ],
    [
      0.8617649584370097,
      0.08714756152191107,
      0.0029938682065000135,
      0.007114461765518402,
      0.03798528186256072,
      0.0029938682065000135
    ],
    [
      0.7616477299342759,
      0.1215890675028187,
      0.005655172731374278,
      0.01060263317698682,
      0.09751019050613154,
      0.0029952061484128534
    ],
    [
      0.6523476715846479,
      0.15274920272590306,
      0.008610917224554381,
      0.013613714523928306,
      0.16968328268188224,
      0.002995211259084268
    ],
    [
      0.5633103492940852,
      0.17029499542531001,
      0.009891096296840873,
      0.015099374598735029,
      0.23840912637930736,
      0.0029950580057215483
    ],
    [
      0.6282704121831876,
      0.14230410494653198,
      0.007261492629503743,
      0.013411566489051294,
      0.20575730630652844,
      0.002995117445196914
    ],
    [
      0.6984275040811656,
      0.11396541679850394,
      0.002995052693260122,
      0.010618772676755891,
      0.1709982010570543,
      0.002995052693260122
    ],
    [
      0.7378674088217291,
      0.0810455786995627,
      0.0029900281890292814,
      0.007291955778891366,
      0.16781500032175853,
      0.0029900281890292814
    ],
    [
      0.415840953848493,
      0.04976531017232438,
      0.002988534919565544,
      0.00416634814911188,
      0.5242503179909398,
      0.002988534919565544
    ],
    [
      0.3883464790611817,
      0.038457942104260054,
      0.0029897270298497726,
      0.003259872982055054,
      0.5639562517928038,
      0.0029897270298497726
    ],
    [
      0.8146159589616665,
      0.02956617233987847,
      0.0029959406714114064,
      0.0031925768929413523,
      0.14663341046269107,
      0.0029959406714114064
    ],
    [
      0.9481860605373857,
      0.03302193112928168,
      0.0029965269527219905,
      0.0034153740577560414,
      0.009383580370132682,
      0.0029965269527219905
    ],
    [
      0.8819744078060083,
      0.0512431404546338,
      0.002991890512611539,
      0.004100391283585817,
      0.05669827943054916,
      0.002991890512611539
    ],
    [
      0.8247613486799469,
      0.06075119138653202,
      0.0029903678523993905,
      0.0049182573435015645,
      0.1035884668852209,
      0.0029903678523993905
    ],
    [
      0.784466413395768,
      0.0832094385204596,
      0.0029903410550542334,
      0.00746736976179896,
      0.11887609621186523,
      0.0029903410550542334
    ],
    [
      0.7295318408594176,
      0.11755974919072784,
      0.0029903102418434753,
      0.0104328496872342,
      0.13649493977893357,
      0.0029903102418434753
    ],
    [
      0.7132622495529765,
      0.14685060967316066,
      0.0029903631135587356,
      0.01304375401844858,
      0.120862660528297,
      0.0029903631135587356
    ],
    [
      0.6912270825671964,
      0.15487502738843842,
      0.0029903025099291855,
      0.013778008838775075,
      0.13413927618573177,
      0.0029903025099291855
    ],
    [
      0.669659882840111,
      0.15158268066887112,
      0.002990214071599571,
      0.01313845858521315,
      0.1596385497626055,
      0.002990214071599571
    ],
    [
      0.6651170309776613,
      0.13537713592646358,
      0.002990113917396098,
      0.011259307833547953,
      0.18226629742753508,
      0.002990113917396098
    ],
    [
      0.4993520949882515,
      0.11703464608856919,
      0.0029892619194787137,
      0.010281876043815018,
      0.36735285904040693,
      0.0029892619194787137
    ],
    [
      0.6844853313126619,
      0.11826253304554799,
      0.0029901383201347775,
      0.0105823631479193,
      0.18068949585360142,
      0.0029901383201347775
    ],
    [
      0.7239078400557697,
      0.11292588682966102,
      0.006707795039648176,
      0.010034099167737015,
      0.1434291590739519,
      0.002995219833232077
    ],
    [
      0.8098612270469417,
      0.071700201118084,
      0.01713073481762171,
      0.0065682897293979645,
      0.09174478246780188,
      0.00299476482015266
    ],
    [
      0.9851924975320835,
      0.0029615004935834165,
      0.0029615004935834165,
      0.0029615004935834165,
      0.0029615004935834165,
      0.0029615004935834165
    ]
  ],
  [
    [
      0.9851924975320835,
      0.0029615004935834165,
      0.0029615004935834165,
      0.0029615004935834165,
      0.0029615004935834165,
      0.0029615004935834165
    ],
    [
      0.8881374647937703,
      0.0552757572093821,
      0.015390147675001353,
      0.003751260197898983,
      0.03445046606922539,
      0.0029949040547218365
    ],
    [
      0.7446261522745946,
      0.07256536154172447,
      0.005631616754975134,
      0.00632026357912498,
      0.16786172327797108,
      0.002994882571609712
    ],
    [
      0.4084608671647062,
      0.06991813482406778,
      0.002988081586145098,
      0.00674990726193639,
      0.5088949275769995,
      0.002988081586145098
    ],
    [
      0.5677691432386348,
      0.07220233571888524,
      0.002988723171750875,
      0.006740825479607291,
      0.34731024921937104,
      0.002988723171750875
    ],
    [
      0.488115038324521,
      0.07121112807261502,
      0.002988426478900466,
      0.006861357124900861,
      0.42783562352016224,
      0.002988426478900466
    ],
    [
      0.701173331742016,
      0.07936166012702559,
      0.002989252273191453,
      0.007356754938050554,
      0.2061297486465251,
      0.002989252273191453
    ],
    [
      0.521699668275445,
      0.10298760410807727,
      0.0029885235599557526,
      0.009072865189000414,
      0.3602628153075658,
      0.0029885235599557526
    ],
    [
      0.6962288032402641,
      0.13951849254345555,
      0.002988989805784404,
      0.011396263419508054,
      0.1468784611852036,
      0.002988989805784404
    ],
    [
      0.6799716320081166,
      0.1478529785506417,
      0.002988919021540019,
      0.012127017802693145,
      0.1540705335954688,
      0.002988919021540019
    ],
    [
      0.41623323419340374,
      0.1349761171911675,
      0.002987969992570232,
      0.01129065141402205,
      0.43152405721626624,
      0.002987969992570232
    ],
    [
      0.37091535674761406,
      0.14655336137751337,
      0.002987698801263479,
      0.01549780775814327,
      0.46105807651420255,
      0.002987698801263479
    ],
    [
      0.6131877932608769,
      0.12019460917910477,
      0.0029884647385178026,
      0.01989673027836834,
      0.24074393780461428,
      0.0029884647385178026
    ],
    [
      0.7459920795342794,
      0.09239148223388571,
      0.002988853965769634,
      0.01279125316253144,
      0.14284747713776444,
      0.002988853965769634
    ],
    [
      0.7595680225395048,
      0.06795961332011816,
      0.0029888287754406095,
      0.005781693339782388,
      0.16071301324971363,
      0.0029888287754406095
    ],
    [
      0.7676664826413742,
      0.06374452367962774,
      0.0029888391107388583,
      0.004819515652772674,
      0.1577917998047479,
      0.0029888391107388583
    ],
    [
      0.7495859676866282,
      0.11418516299322157,
      0.002989123605430834,
      0.0075578952929767585,
      0.12269272681631196,
      0.002989123605430834
    ],
    [
      0.7210918648829534,
      0.1297167676800947,
      0.0029895667256093247,
      0.010117163815330432,
      0.1330950701704029,
      0.0029895667256093247
    ],
    [
      0.6426102466441891,
      0.1811884425693517,
      0.0029896445618185466,
      0.013210333496179501,
      0.15701168816664263,
      0.0029896445618185466
    ],
    [
      0.6212537162349613,
      0.1534365312300045,
      0.002989428962428206,
      0.01299563060205545,
      0.2063352640081225,
      0.002989428962428206
    ],
    [
      0.6551279789439945,
      0.13436556314367437,
      0.0029894866307966766,
      0.012015345721519041,
      0.19251213892921878,
      0.0029894866307966766
    ],
    [
      0.7817157142272261,
      0.10922091286466296,
      0.002989762109473365,
      0.009652139429604117,
      0.09343170925956015,
      0.002989762109473365
    ],
    [
      0.8317138745973147,
      0.07463567126978539,
      0.0029894948073403366,
      0.006630703827621372,
      0.0810407606905979,
      0.0029894948073403366
    ],
    [
      0.7783264091806926,
      0.053985645036995746,
      0.00298942490334248,
      0.004354569588861022,
      0.15735452638676573,
      0.00298942490334248
    ],
    [
      0.7883754885660785,
      0.048689459859345315,
      0.002989999320913161,
      0.0037751725740412484,
      0.15317988035870875,
      0.002989999320913161
    ],
    [
      0.837503369695823,
      0.04612471561804262,
      0.002991105966125731,
      0.003727421842869712,
      0.10666228091101347,
      0.002991105966125731
    ],
    [
      0.8369021626641542,
      0.046252056570810655,
      0.0029911275329776075,
      0.003752230039375542,
      0.1071112956597045,
      0.0029911275329776075
    ],
    [
      0.7526171105762772,
      0.04804807378100607,
      0.0029898909131358987,
      0.0038002265375730775,
      0.18955480727887183,
      0.0029898909131358987
    ],
    [
      0.5039986670185587,
      0.04832543760845304,
      0.002988395772498559,
      0.00418756300436459,
      0.43751154082362664,
      0.002988395772498559
    ],
    [
      0.6748081124373277,
      0.07243385771180094,
      0.00298926275554359,
      0.006661227127141741,
      0.24011827721264242,
      0.00298926275554359
    ],
    [
      0.49297928361989685,
      0.09488517860572629,
      0.00298869275533515,
      0.008743587922736136,
      0.3974145643409706,
      0.00298869275533515
    ],
    [
      0.6528598249085324,
      0.11323120474079554,
      0.0029894220891039246,
      0.010057509868058426,
      0.2178726163044058,
      0.0029894220891039246
    ],
    [
      0.6789161289179102,
      0.11789246366570937,
      0.0029895657745374056,
      0.010422391898881516,
      0.1867898839684241,
      0.0029895657745374056
    ],
    [
      0.45113915911686675,
      0.1212767386403902,
      0.0029886730685661795,
      0.010221282078314707,
      0.4113854740272959,
      0.0029886730685661795
    ],
    [
      0.5558871629394256,
      0.1615624461313789,
      0.0029892548482357215,
      0.01143820389168845,
      0.2651336773410356,
      0.0029892548482357215
    ],
    [
      0.5977125088918164,
      0.15088734132073453,
      0.002989498172357614,
      0.012314468528079648,
      0.23310668491465433,
      0.002989498172357614
    ],
    [
      0.6546754356356022,
      0.15619152722251095,
      0.0029897991639640043,
      0.013064764375557963,
      0.17008867443840095,
      0.0029897991639640043
    ],
    [
      0.6861705724600562,
      0.142667255338782,
      0.006655182967157552,
      0.01250552318790612,
      0.14900626571083803,
      0.002995200335260252
    ],
    [
      0.8058075559566513,
      0.07773025764283302,
      0.01706692704932292,
      0.007512639588480299,
      0.08888783998189342,
      0.0029947797808189433
    ],
    [
      0.9851924975320835,
      0.0029615004935834165,
      0.0029615004935834165,
      0.0029615004935834165,
      0.0029615004935834165,
      0.0029615004935834165
    ]
  ],
  [
    [
      0.9851924975320835,
      0.0029615004935834165,
      0.0029615004935834165,
      0.0029615004935834165,
      0.0029615004935834165,
      0.0029615004935834165
    ],
    [
      0.8544777725018217,
      0.06958741715401498,
      0.01712852615120734,
      0.0063213334679767105,
      0.04949019240786146,
      0.002994758317117947
    ],
    [
      0.7793279811951537,
      0.10346881560386885,
      0.006619126214533905,
      0.00913645657259643,
      0.09845266439363505,
      0.002994956020212172
    ],
    [
      0.7378278088102631,
      0.10835370210528998,
      0.002989472320088031,
      0.009662480323066167,
      0.1381770641212049,
      0.002989472320088031
    ],
    [
      0.708690392920365,
      0.10456820247739504,
      0.002989263848146115,
      0.009345734664905781,
      0.17141714224104213,
      0.002989263848146115
    ],
    [
      0.6475531358956474,
      0.0993164056259326,
      0.0029889669592854428,
      0.008710697102509497,
      0.23844182745733983,
      0.0029889669592854428
    ],
    [
      0.6631425199920633,
      0.09206713368356993,
      0.002988992269889469,
      0.007914674870859678,
      0.23089768691372814,
      0.002988992269889469
    ],
    [
      0.6625592276985549,
      0.11675623960132468,
      0.0029889766362441858,
      0.014810879694189752,
      0.19989569973344232,
      0.0029889766362441858
    ],
    [
      0.6002479764675924,
      0.18087870859680882,
      0.0029886587156788924,
      0.022898848587626926,
      0.18999714891661415,
      0.0029886587156788924
    ],
    [
      0.5197661633926997,
      0.21057697679689955,
      0.002988527279593434,
      0.01885449208203848,
      0.24482531316917563,
      0.002988527279593434
    ],
    [
      0.5643203128802345,
      0.15817361520337234,
      0.002988283007643032,
      0.011453687706480893,
      0.2600758181946261,
      0.002988283007643032
    ],
    [
      0.5823296348358651,
      0.13824316545212834,
      0.0029881698698737682,
      0.00966588710944328,
      0.26378497286281605,
      0.0029881698698737682
    ],
    [
      0.5107212036075356,
      0.1454012769757754,
      0.002987912343023616,
      0.0090309623668718,
      0.3288707323637702,
      0.002987912343023616
    ],
    [
      0.6538799846295061,
      0.09642782933045127,
      0.0029882490125693875,
      0.00788400044630491,
      0.2358316875685991,
      0.0029882490125693875
    ],
    [
      0.3713948942638096,
      0.06460951366240386,
      0.0029871864339856753,
      0.006053980607128937,
      0.5519672385986865,
      0.0029871864339856753
    ],
    [
      0.40575759995098604,
      0.06088850584778549,
      0.0029872694118867607,
      0.004817538570290157,
      0.5225618168071648,
      0.0029872694118867607
    ],
    [
      0.701711611129257,
      0.0821183482507752,
      0.0029884543227946,
      0.006534895530705249,
      0.20365823644367337,
      0.0029884543227946
    ],
    [
      0.5173781546699505,
      0.10425818149055394,
      0.0029883219847045813,
      0.008774598916428665,
      0.36361242095365776,
      0.0029883219847045813
    ],
    [
      0.6410228699362598,
      0.12146296720635479,
      0.002989113348246193,
      0.010033088300984296,
      0.2215028478599088,
      0.002989113348246193
    ],
    [
      0.4249723760353757,
      0.11187657702985329,
      0.0029882886499286846,
      0.009820780348353035,
      0.44735368928656066,
      0.0029882886499286846
    ],
    [
      0.40042676708501207,
      0.10409824491463156,
      0.002988180126265824,
      0.009516695647733421,
      0.4799819321000913,
      0.002988180126265824
    ],
    [
      0.637637668262584,
      0.09924348069251339,
      0.0029889428796171023,
      0.0089017073431577,
      0.24823925794251073,
      0.0029889428796171023
    ],
    [
      0.7143399928634335,
      0.07575561626446346,
      0.002988814664743669,
      0.006370139992408702,
      0.197556621550207,
      0.002988814664743669
    ],
    [
      0.7829294047667382,
      0.06467899445812313,
      0.0029893023883495913,
      0.004338975195405768,
      0.14207402080303375,
      0.0029893023883495913
    ],
    [
      0.8762051402249337,
      0.05753420251944556,
      0.002989778300246325,
      0.003927659960749128,
