[
  [
    [
      0.9851924975320835,
      0.0029615004935834165,
      0.0029615004935834165,
      0.0029615004935834165,
      0.0029615004935834165,
      0.0029615004935834165
    ],
    [
      0.9851924975320835,
      0.0029615004935834165,
      0.0029615004935834165,
      0.0029615004935834165,
      0.0029615004935834165,
      0.0029615004935834165
    ],
    [
      0.9851924975320835,
      0.0029615004935834165,
      0.0029615004935834165,
      0.0029615004935834165,
      0.0029615004935834165,
      0.0029615004935834165
    ],
    [
      0.9851924975320835,
      0.0029615004935834165,
      0.0029615004935834165,
      0.0029615004935834165,
      0.0029615004935834165,
      0.0029615004935834165
    ],
    [
      0.9851924975320835,
      0.0029615004935834165,
      0.0029615004935834165,
      0.0029615004935834165,
      0.0029615004935834165,
      0.0029615004935834165
    ],
    [
      0.9851924975320835,
      0.0029615004935834165,
      0.0029615004935834165,
      0.0029615004935834165,
      0.0029615004935834165,
      0.0029615004935834165
    ],
    [
      0.9851924975320835,
      0.0029615004935834165,
      0.0029615004935834165,
      0.0029615004935834165,
      0.0029615004935834165,
      0.0029615004935834165
    ],
    [
      0.9851924975320835,
      0.0029615004935834165,
      0.0029615004935834165,
      0.0029615004935834165,
      0.0029615004935834165,
      0.0029615004935834165
    ],
    [
      0.9851924975320835,
      0.0029615004935834165,
      0.0029615004935834165,
      0.0029615004935834165,
      0.0029615004935834165,
      0.0029615004935834165
    ],
    [
      0.9851924975320835,
      0.0029615004935834165,
      0.0029615004935834165,
      0.0029615004935834165,
      0.0029615004935834165,
      0.0029615004935834165
    ],
    [
      0.9851924975320835,
      0.0029615004935834165,
      0.0029615004935834165,
      0.0029615004935834165,
      0.0029615004935834165,
      0.0029615004935834165
    ],
    [
      0.9851924975320835,
      0.0029615004935834165,
      0.0029615004935834165,
      0.0029615004935834165,
      0.0029615004935834165,
      0.0029615004935834165
    ],
    [
      0.9851924975320835,
      0.0029615004935834165,
      0.0029615004935834165,
      0.0029615004935834165,
      0.0029615004935834165,
      0.0029615004935834165
    ],
    [
      0.9851924975320835,
      0.0029615004935834165,
      0.0029615004935834165,
      0.0029615004935834165,
      0.0029615004935834165,
      0.0029615004935834165
    ],
    [
      0.9851924975320835,
      0.0029615004935834165,
      0.0029615004935834165,
      0.0029615004935834165,
      0.0029615004935834165,
      0.0029615004935834165
    ],
    [
      0.9851924975320835,
      0.0029615004935834165,
      0.0029615004935834165,
      0.0029615004935834165,
      0.0029615004935834165,
      0.0029615004935834165
    ],
    [
      0.9851924975320835,
      0.0029615004935834165,
      0.0029615004935834165,
      0.0029615004935834165,
      0.0029615004935834165,
      0.0029615004935834165
    ],
    [
      0.9851924975320835,
      0.0029615004935834165,
      0.0029615004935834165,
      0.0029615004935834165,
      0.0029615004935834165,
      0.0029615004935834165
    ],
    [
      0.9851924975320835,
      0.0029615004935834165,
      0.0029615004935834165,
      0.0029615004935834165,
      0.0029615004935834165,
      0.0029615004935834165
    ],
    [
      0.9851924975320835,
      0.0029615004935834165,
      0.0029615004935834165,
      0.0029615004935834165,
      0.0029615004935834165,
      0.0029615004935834165
    ],
    [
      0.9851924975320835,
      0.0029615004935834165,
      0.0029615004935834165,
      0.0029615004935834165,
      0.0029615004935834165,
      0.0029615004935834165
    ],
    [
      0.9851924975320835,
      0.0029615004935834165,
      0.0029615004935834165,
      0.0029615004935834165,
      0.0029615004935834165,
      0.0029615004935834165
    ],
    [
      0.9851924975320835,
      0.0029615004935834165,
      0.0029615004935834165,
      0.0029615004935834165,
      0.0029615004935834165,
      0.0029615004935834165
    ],
    [
      0.9851924975320835,
      0.0029615004935834165,
      0.0029615004935834165,
      0.0029615004935834165,
      0.0029615004935834165,
      0.0029615004935834165
    ],
    [
      0.9851924975320835,
      0.0029615004935834165,
      0.0029615004935834165,
      0.0029615004935834165,
      0.0029615004935834165,
      0.0029615004935834165
    ],
    [
      0.9851924975320835,
      0.0029615004935834165,
      0.0029615004935834165,
      0.0029615004935834165,
      0.0029615004935834165,
      0.0029615004935834165
    ],
    [
      0.9851924975320835,
      0.0029615004935834165,
      0.0029615004935834165,
      0.0029615004935834165,
      0.0029615004935834165,
      0.0029615004935834165
    ],
    [
      0.9851924975320835,
      0.0029615004935834165,
      0.0029615004935834165,
      0.0029615004935834165,
      0.0029615004935834165,
      0.0029615004935834165
    ],
    [
      0.9851924975320835,
      0.0029615004935834165,
      0.0029615004935834165,
      0.0029615004935834165,
      0.0029615004935834165,
      0.0029615004935834165
    ],
    [
      0.9851924975320835,
      0.0029615004935834165,
      0.0029615004935834165,
      0.0029615004935834165,
      0.0029615004935834165,
      0.0029615004935834165
    ],
    [
      0.9851924975320835,
      0.0029615004935834165,
      0.0029615004935834165,
      0.0029615004935834165,
      0.0029615004935834165,
      0.0029615004935834165
    ],
    [
      0.9851924975320835,
      0.0029615004935834165,
      0.0029615004935834165,
      0.0029615004935834165,
      0.0029615004935834165,
      0.0029615004935834165
    ],
    [
      0.9851924975320835,
      0.0029615004935834165,
      0.0029615004935834165,
      0.0029615004935834165,
      0.0029615004935834165,
      0.0029615004935834165
    ],
    [
      0.9851924975320835,
      0.0029615004935834165,
      0.0029615004935834165,
      0.0029615004935834165,
      0.0029615004935834165,
      0.0029615004935834165
    ],
    [
      0.9851924975320835,
      0.0029615004935834165,
      0.0029615004935834165,
      0.0029615004935834165,
      0.0029615004935834165,
      0.0029615004935834165
    ],
    [
      0.9851924975320835,
      0.0029615004935834165,
      0.0029615004935834165,
      0.0029615004935834165,
      0.0029615004935834165,
      0.0029615004935834165
    ],
    [
      0.9851924975320835,
      0.0029615004935834165,
      0.0029615004935834165,
      0.0029615004935834165,
      0.0029615004935834165,
      0.0029615004935834165
    ],
    [
      0.9851924975320835,
      0.0029615004935834165,
      0.0029615004935834165,
      0.0029615004935834165,
      0.0029615004935834165,
      0.0029615004935834165
    ],
    [
      0.9851924975320835,
      0.0029615004935834165,
      0.0029615004935834165,
      0.0029615004935834165,
      0.0029615004935834165,
      0.0029615004935834165
    ],
    [
      0.9851924975320835,
      0.0029615004935834165,
      0.0029615004935834165,
      0.0029615004935834165,
      0.0029615004935834165,
      0.0029615004935834165
    ]
  ],
  [
    [
      0.9851924975320835,
      0.0029615004935834165,
      0.0029615004935834165,
      0.0029615004935834165,
      0.0029615004935834165,
      0.0029615004935834165
    ],
    [
      0.5657835678596226,
      0.030113034409332103,
      0.013160495479254684,
      0.0029940146762371593,
      0.3849548728993164,
      0.0029940146762371593
    ],
    [
      0.767413219308209,
      0.06677021712165002,
      0.017487610067857002,
      0.006324642294006709,
      0.13900952619694196,
      0.002994785011335335
    ],
    [
      0.7339727718841921,
      0.07471889077289734,
      0.015240465398315806,
      0.007013638562874485,
      0.16605963800962903,
      0.002994595372091376
    ],
    [
      0.37730856242289695,
      0.06356445554126883,
      0.010304165138818192,
      0.0063426247119705405,
      0.5394863473383296,
      0.0029938448467160595
    ],
    [
      0.35026479041910297,
      0.07359141713803037,
      0.020212812277682936,
      0.010082174897410989,
      0.5428545759099642,
      0.0029942293578086713
    ],
    [
      0.6421415287084827,
      0.09460592460465975,
      0.030935303199147866,
      0.0075586730628837365,
      0.22176395550746447,
      0.002994614917361427
    ],
    [
      0.6614765626658511,
      0.08844130968934003,
      0.028525438486385807,
      0.005914260146717783,
      0.21264792339289174,
      0.002994505618813458
    ],
    [
      0.5254113502746542,
      0.06150244665159668,
      0.012495248912584604,
      0.00426391440166302,
      0.39333299369567737,
      0.0029940460638242963
    ],
    [
      0.7982561867603143,
      0.061271537787645186,
      0.015607580009230248,
      0.003743720318665697,
      0.11812631284427454,
      0.002994662279869939
    ],
    [
      0.870235528868843,
      0.0652995821594316,
      0.017501560469580565,
      0.0038965952903089606,
      0.04007189073897436,
      0.0029948424728615387
    ],
    [
      0.8668690415104062,
      0.06737913901435055,
      0.017501135368784067,
      0.004049242892337207,
      0.04120659999247232,
      0.0029948412216497765
    ],
    [
      0.7492870478465284,
      0.06127121323201387,
      0.016444547616184763,
      0.003989007191260252,
      0.16601350332841983,
      0.0029946807855930338
    ],
    [
      0.46905676819292413,
      0.04469398377237671,
      0.013324419722035699,
      0.003868209290862737,
      0.46606227477697343,
      0.0029943442448274256
    ],
    [
      0.6737424128143165,
      0.052442070775558174,
      0.015392388371551501,
      0.0036721146317345425,
      0.25175648031366804,
      0.0029945330931714885
    ],
    [
      0.5617948362302395,
      0.03575998189165572,
      0.011346326651318569,
      0.0034005109321037143,
      0.3847037484693518,
      0.0029945958253306875
    ],
    [
      0.8468380141881445,
      0.033623787489394964,
      0.006381013105593254,
      0.0032657472846950235,
      0.10689600436350012,
      0.0029954335686722426
    ],
    [
      0.8472846539509544,
      0.03190675085075798,
      0.005114798274348876,
      0.0031175623456861376,
      0.10958076814682223,
      0.0029954664314303923
    ],
    [
      0.5733033852566881,
      0.024395764260575003,
      0.004269758692386031,
      0.0029943570128655008,
      0.39204237776462003,
      0.0029943570128655008
    ],
    [
      0.8536978596152257,
      0.028621345117489365,
      0.005114688847537924,
      0.0029945051005616135,
      0.10657709621862374,
      0.0029945051005616135
    ],
    [
      0.9352924202700723,
      0.03522874647818006,
      0.007409145240028188,
      0.002994991964035905,
      0.01607970408364777,
      0.002994991964035905
    ],
    [
      0.779682385460343,
      0.05716578574339509,
      0.013635297951281253,
      0.0034266150888918635,
      0.14309510260023636,
      0.0029948131558525577
    ],
    [
      0.4877414499282349,
      0.07312827232565176,
      0.010061534531794154,
      0.004890044227043921,
      0.4211843292090802,
      0.002994369778194966
    ],
    [
      0.7232214709613738,
      0.08658694763933894,
      0.017852511164180636,
      0.006979844488626665,
      0.1623642259856448,
      0.002994999760835151
    ],
    [
      0.8553683225167205,
      0.06749338716677279,
      0.021479261360071656,
      0.0056949086578685065,
      0.04696950806590554,
      0.0029946122326610634
    ],
    [
      0.9851924975320835,
      0.0029615004935834165,
      0.0029615004935834165,
      0.0029615004935834165,
      0.0029615004935834165,
      0.0029615004935834165
    ],
    [
      0.9851924975320835,
      0.0029615004935834165,
      0.0029615004935834165,
      0.0029615004935834165,
      0.0029615004935834165,
      0.0029615004935834165
    ],
    [
      0.9851924975320835,
      0.0029615004935834165,
      0.0029615004935834165,
      0.0029615004935834165,
      0.0029615004935834165,
      0.0029615004935834165
    ],
    [
      0.7012702184338794,
      0.0404490383542917,
      0.01629304522754631,
      0.0029928941619131832,
      0.23600190966045625,
      0.0029928941619131832
    ],
    [
      0.3174407827249492,
      0.03396024740867798,
      0.013014940360596777,
      0.0034749535225262244,
      0.6291149198982016,
      0.002994156085048264
    ],
    [
      0.35039156306853675,
      0.03928616577320935,
      0.012276441783668865,
      0.003868357977743223,
      0.5911832632482109,
      0.0029942081486309283
    ],
    [
      0.7492870478465284,
      0.06127121323201388,
      0.016444547616184763,
      0.003989007191260251,
      0.16601350332841983,
      0.0029946807855930338
    ],
    [
      0.7849602185233919,
      0.06249218593144445,
      0.016473228841300397,
      0.004049139707365832,
      0.12903046170937987,
      0.002994765287117452
    ],
    [
      0.5024205228561748,
      0.0451126434584788,
      0.013359588124811582,
      0.0038990477358419864,
      0.4322137496582562,
      0.002994448166436737
    ],
    [
      0.6301922649793438,
      0.048775944524900826,
      0.015472855552357265,
      0.003356173654218969,
      0.29920821254646307,
      0.0029945487427162558
    ],
    [
      0.5249742742231418,
      0.02381762869803878,
      0.008128638834059735,
      0.002992108444202536,
      0.4370952413563545,
      0.002992108444202536
    ],
    [
      0.9851924975320835,
      0.0029615004935834165,
      0.0029615004935834165,
      0.0029615004935834165,
      0.0029615004935834165,
      0.0029615004935834165
    ],
    [
      0.903134474714753,
      0.024681754088741837,
      0.008113040833161386,
      0.002992375691180059,
      0.058085978980983756,
      0.002992375691180059
    ],
    [
      0.8622128005009694,
      0.022240799038025626,
      0.007599623090060408,
      0.0029923377851496734,
      0.10196210180064523,
      0.0029923377851496734
    ],
    [
      0.9851924975320835,
      0.0029615004935834165,
      0.0029615004935834165,
      0.0029615004935834165,
      0.0029615004935834165,
      0.0029615004935834165
    ]
  ],
  [
    [
      0.9851924975320835,
      0.0029615004935834165,
      0.0029615004935834165,
      0.0029615004935834165,
      0.0029615004935834165,
      0.0029615004935834165
    ],
    [
      0.7501436603942022,
      0.05903823212624083,
      0.017764993948984127,
      0.003844937899048371,
      0.16621348659285587,
      0.0029946890386687653
    ],
    [
      0.6562065967917884,
      0.10694207760984942,
      0.01024385084523968,
      0.009209628250669144,
      0.21440268536870274,
      0.0029951611337506946
    ],
    [
      0.5504564942623489,
      0.13443339646018704,
      0.0056865752706517555,
      0.012248934582457778,
      0.29417969129361443,
      0.0029949081307401202
    ],
    [
      0.2660758862583124,
      0.13294929262756458,
      0.004915124581109035,
      0.012782422463068089,
      0.5802829431356619,
      0.002994330934284081
    ],
    [
      0.28013620310979176,
      0.13901542179525833,
      0.0074722181659669,
      0.013551625713315878,
      0.5568300826352155,
      0.002994448580451706
    ],
    [
      0.4698991073772395,
      0.16518007738524224,
      0.010860097767387843,
      0.014545359137439116,
      0.33652047364586923,
      0.002994884686822128
    ],
    [
      0.43556175654335955,
      0.13725646149864926,
      0.009603565393984513,
      0.01191665466801137,
      0.4026668856243659,
      0.0029946762716295695
    ],
    [
      0.6641864740947379,
      0.11086344671516904,
      0.006233315539453372,
      0.009372058756812752,
      0.20634961047842695,
      0.0029950944154001334
    ],
    [
      0.801977217192876,
      0.09277865979442358,
      0.005936450464389572,
      0.0077636852857762475,
      0.08854864279230502,
      0.0029953444702297315
    ],
    [
      0.8134581917559435,
      0.11004569085893297,
      0.006879961040361578,
      0.00900868112319225,
      0.05761205065957149,
      0.0029954245619982518
    ],
    [
      0.7659514739510916,
      0.1185315516351346,
      0.006852681513724867,
      0.009762587360949548,
      0.09590636213251919,
      0.0029953434065802397
    ],
    [
      0.6188683141544516,
      0.11415577137820594,
      0.0062566125358168275,
      0.00976169851475725,
      0.24796254252901337,
      0.0029950608877548665
    ],
    [
      0.3965033036341146,
      0.10176800304590443,
      0.00557336076531589,
      0.009098757876364902,
      0.4840620562143994,
      0.002994518463900882
    ],
    [
      0.6595559897761937,
      0.0961724487417056,
      0.005688756825733059,
      0.008289006996385332,
      0.22729893555567995,
      0.0029948621043025306
    ],
    [
      0.7709238711316002,
      0.07813346899418061,
      0.004718449886417999,
      0.006966919968577893,
      0.1362622448817091,
      0.002995045137514314
    ],
    [
      0.7941917737158293,
      0.07072595999172429,
      0.003193844985895659,
      0.006562713385320239,
      0.1223305498222605,
      0.002995158098970144
    ],
    [
      0.7620955125480948,
      0.06393278997813656,
      0.0029937220652082406,
      0.0059946612539088446,
      0.16198959208944347,
      0.0029937220652082406
    ],
    [
      0.7777361774184649,
      0.05303005381883587,
      0.0029933903118020016,
      0.004670798723212305,
      0.1585761894158829,
      0.0029933903118020016
    ],
    [
      0.8699829139014579,
      0.052313287014588164,
      0.0029940768349235964,
      0.004372930361371802,
      0.06734271505273497,
      0.0029940768349235964
    ],
    [
      0.8664228267689116,
      0.05670422956670073,
      0.0037139361568357602,
      0.004673646533790397,
      0.06549014626099686,
      0.0029952147127648957
    ],
    [
      0.6466088723517756,
      0.08189227339841088,
      0.004864713499649919,
      0.006563337894563757,
      0.2570758152671045,
      0.002994987588495488
    ],
    [
      0.33385183692729675,
      0.14663317000568532,
      0.007861067785525182,
      0.009961393561347957,
      0.49869682801800996,
      0.0029957037021348973
    ],
    [
      0.56902523200853,
      0.16542582148085816,
      0.01945916091486428,
      0.01144024792182192,
      0.2316530411005913,
      0.002996496573334404
    ],
    [
      0.7525835874244109,
      0.0959778153646319,
      0.03822861343633779,
      0.006690297395170485,
      0.10352429649736698,
      0.002995389882082224
    ],
    [
      0.8437077736530755,
      0.05778281268996956,
      0.03050952454561465,
      0.0038596706060053023,
      0.06114600906704728,
      0.0029942094382879284
    ],
    [
      0.9851924975320835,
      0.0029615004935834165,
      0.0029615004935834165,
      0.0029615004935834165,
      0.0029615004935834165,
      0.0029615004935834165
    ],
    [
      0.8164041636655087,
      0.04687177735008288,
      0.01707598973023621,
      0.0032927321276022465,
      0.11336105526037552,
      0.002994281866194475
    ],
    [
      0.4483543099348981,
      0.05314769481594227,
      0.014350109612364792,
      0.004795168046779619,
      0.47635818653198625,
      0.002994531058029059
    ],
    [
      0.22689604048064962,
      0.08416048898837646,
      0.006497780602936782,
      0.00795998637189701,
      0.6714914437650773,
      0.002994259791062965
    ],
    [
      0.2542940457104378,
      0.09775880433197566,
      0.005002671890110204,
      0.009103196842407143,
      0.6308469703552495,
      0.002994310869819698
    ],
    [
      0.6510079351814463,
      0.11537345442193479,
      0.0062813308269652045,
      0.00981786962899458,
      0.21452427548043168,
      0.002995134460227443
    ],
    [
      0.7571358077708669,
      0.11730481569116209,
      0.006363492901273474,
      0.009818639034205425,
      0.10638186559190642,
      0.0029953790105858233
    ],
    [
      0.6477289534549033,
      0.1059509355898401,
      0.005790830467172163,
      0.009166505497059777,
      0.2283676089194376,
      0.0029951660715871594
    ],
    [
      0.4344753727402407,
      0.07981410115844235,
      0.009007328247666804,
      0.007160169169299349,
      0.46654835944875983,
      0.0029946692355910256
    ],
    [
      0.7085858528879835,
      0.05472422956271412,
      0.016432785868312913,
      0.00385480597417336,
      0.21340769806821963,
      0.0029946276385966115
    ],
    [
      0.9851924975320835,
      0.0029615004935834165,
      0.0029615004935834165,
      0.0029615004935834165,
      0.0029615004935834165,
      0.0029615004935834165
    ],
    [
      0.821618822426357,
      0.03934698527958103,
      0.01601426881716811,
      0.0029931064418369014,
      0.11703371059322014,
      0.0029931064418369014
    ],
    [
      0.5671133982314128,
      0.02873353497980079,
      0.014311443585187038,
      0.0029941801443127162,
      0.3838532629149742,
      0.0029941801443127162
    ],
    [
      0.9851924975320835,
      0.0029615004935834165,
      0.0029615004935834165,
      0.0029615004935834165,
      0.0029615004935834165,
      0.0029615004935834165
    ]
  ],
  [
    [
      0.9851924975320835,
      0.0029615004935834165,
      0.0029615004935834165,
      0.0029615004935834165,
      0.0029615004935834165,
      0.0029615004935834165
    ],
    [
      0.7955182820177247,
      0.06493692482059928,
      0.017443715075226966,
      0.003928978198502254,
      0.11517742767314738,
      0.002994672214799438
    ],
    [
      0.4136839041946755,
      0.10804802209026496,
      0.006575319211241989,
      0.009343920367571564,
      0.4593543158705818,
      0.0029945182656641645
    ],
    [
      0.2726554495165081,
      0.14091579147165234,
      0.002988518318404865,
      0.013200889025264147,
      0.5672508333497659,
      0.002988518318404865
    ],
    [
      0.3491156218287175,
      0.16944431790822093,
      0.0029889210670477964,
      0.01528877007073916,
      0.4601734480582269,
      0.0029889210670477964
    ],
    [
      0.47779033599623916,
      0.16140265704293147,
      0.0029898675845299043,
      0.014362480670162494,
      0.3404647911216072,
      0.0029898675845299043
    ],
    [
      0.5547803299489353,
      0.1637907202156561,
      0.0029906366621945085,
      0.014175316381967326,
      0.2612723601290522,
      0.0029906366621945085
    ],
    [
      0.6497495165053311,
      0.15040628450594748,
      0.0029905252809393997,
      0.013159840654770494,
      0.18070330777207222,
      0.0029905252809393997
    ],
    [
      0.7718609477214499,
      0.11851720680048423,
      0.0029904631398166427,
      0.01048408790426666,
      0.09315683129416619,
      0.0029904631398166427
    ],
    [
      0.8342805567112485,
      0.09760820291717485,
      0.0029906021621867868,
      0.008762429102913806,
      0.05336760694428931,
      0.0029906021621867868
    ],
    [
      0.7972014327939346,
      0.11771351635270204,
      0.002990494305052158,
      0.01036027118751145,
      0.06874379105574772,
      0.002990494305052158
    ],
    [
      0.6792863068122982,
      0.1416584737610763,
      0.002990076652920813,
      0.012644403774633458,
      0.16043066234615044,
      0.002990076652920813
    ],
    [
      0.42248197064260723,
      0.1402256772214302,
      0.0029889786704327377,
      0.012902576228595778,
      0.41841181856650145,
      0.0029889786704327377
    ],
    [
      0.5627547279922902,
      0.14229106476044245,
      0.0029897877608087305,
      0.012530282264797066,
      0.276444349460853,
      0.0029897877608087305
    ],
    [
      0.6618202196266597,
      0.12386332552316551,
      0.0029899820025513033,
      0.01035474844653542,
      0.19798174239853691,
      0.0029899820025513033
    ],
    [
      0.7854788141409289,
      0.1089618979143003,
      0.002989720445451529,
      0.009272910958211818,
      0.09030693609565607,
      0.002989720445451529
    ],
    [
      0.7585586076138816,
      0.09517897956645122,
      0.002989163468136247,
      0.008498328624038883,
      0.1317857572593559,
      0.002989163468136247
    ],
    [
      0.4989873863943812,
      0.07389336994610943,
      0.0029881096931132626,
      0.007119869367701183,
      0.41402315490558167,
      0.0029881096931132626
    ],
    [
      0.7153854832937057,
      0.07136890624551824,
      0.002989019997193526,
      0.006563389171707824,
      0.2007041812946812,
      0.002989019997193526
    ],
    [
      0.8273787446754639,
      0.0787750840564969,
      0.002989852910189672,
      0.006923603910763927,
      0.08094286153689606,
      0.002989852910189672
    ],
    [
      0.7680654812755375,
      0.08903734500373263,
      0.002990385421508907,
      0.007605426277573055,
      0.1293109766001391,
      0.002990385421508907
    ],
    [
      0.40357525367485225,
      0.10505250379431205,
      0.002990186529209322,
      0.008637937809972298,
      0.476753931662445,
      0.002990186529209322
    ],
    [
      0.3655151796219541,
      0.13287818553953604,
      0.013789493019686894,
      0.010011162192390056,
      0.47481068733243187,
      0.0029952922940011885
    ],
    [
      0.5860404701901196,
      0.11770250228337303,
      0.04466077198453269,
      0.008385767453804755,
      0.24021460928329152,
      0.0029958788048784642
    ],
    [
      0.6482967530608571,
      0.07157779284198842,
      0.050463602512137405,
      0.007122939263901459,
      0.21954323092833067,
      0.002995681392784991
    ],
    [
      0.9851924975320835,
      0.0029615004935834165,
      0.0029615004935834165,
      0.0029615004935834165,
      0.0029615004935834165,
      0.0029615004935834165
    ],
    [
      0.811630386193733,
      0.07219244587172549,
      0.021168164971881526,
      0.005849101690023923,
      0.08616517250558804,
      0.002994728767048076
    ],
    [
      0.7156132096037304,
      0.08645600280005865,
      0.017430225626739224,
      0.007239231826225708,
      0.17026626495745292,
      0.00299506518579311
    ],
    [
      0.6231025285373868,
      0.11282638683508546,
      0.006547364174012262,
      0.00932382870321049,
      0.24520472626888778,
      0.002995165481417229
    ],
    [
      0.5075979385035541,
      0.12613363950531337,
      0.0029922906466042115,
      0.011092036809191866,
      0.3491918038887322,
      0.0029922906466042115
    ],
    [
      0.3476869080169035,
      0.13781127149342232,
      0.002988877979150595,
      0.012825042052587887,
      0.4956990224787853,
      0.002988877979150595
    ],
    [
      0.6241377257756832,
      0.1550944102222691,
      0.0029901842315466394,
      0.013900138322266636,
      0.20088735721668782,
      0.0029901842315466394
    ],
    [
      0.7460280460904187,
      0.1507367897081237,
      0.002990706736715578,
      0.013339584667760552,
      0.08391416606026592,
      0.002990706736715578
    ],
    [
      0.7139843625026886,
      0.12665912313052258,
      0.002990447213034745,
      0.011164277772712675,
      0.14221134216800663,
      0.002990447213034745
    ],
    [
      0.6530436269869203,
      0.10946601924991298,
      0.007992655001430678,
      0.00949299401982065,
      0.21700962455467354,
      0.002995080187241959
    ],
    [
      0.7715784563515946,
      0.07116660776594116,
      0.019766496150385282,
      0.0060819160269182495,
      0.1284118397879039,
      0.0029946839172569103
    ],
    [
      0.9851924975320835,
      0.0029615004935834165,
      0.0029615004935834165,
      0.0029615004935834165,
      0.0029615004935834165,
      0.0029615004935834165
    ],
    [
      0.9851924975320835,
      0.0029615004935834165,
      0.0029615004935834165,
      0.0029615004935834165,
      0.0029615004935834165,
      0.0029615004935834165
    ],
    [
      0.7882844557342361,
      0.05149098973087135,
      0.020032484628359958,
      0.004832680068086896,
      0.13236491153754462,
      0.002994478300901138
    ],
    [
      0.9851924975320835,
      0.0029615004935834165,
      0.0029615004935834165,
      0.0029615004935834165,
      0.0029615004935834165,
      0.0029615004935834165
    ]
  ],
  [
    [
      0.9851924975320835,
      0.0029615004935834165,
      0.0029615004935834165,
      0.0029615004935834165,
      0.0029615004935834165,
      0.0029615004935834165
    ],
    [
      0.7142279645881106,
      0.05753312345181779,
      0.016851741184379272,
      0.003595550186771588,
      0.20479702375186715,
      0.0029945968370536777
    ],
    [
      0.5192448565256024,
      0.10372688141155656,
      0.0070475567284259055,
      0.008742242979606695,
      0.3582436410564311,
      0.0029948212983775214
    ],
    [
      0.26431732495995885,
      0.12789820705633964,
      0.0029896501029092848,
      0.011951689016758128,
      0.5898534787611249,
      0.0029896501029092848
    ],
    [
      0.2674652315787353,
      0.13762220550601173,
      0.002988567502885376,
      0.012503202664426295,
      0.5764322252450559,
      0.002988567502885376
    ],
    [
      0.3041409586961601,
      0.15592978214178274,
      0.002990591379897178,
      0.012907285136500244,
      0.5210407912657627,
      0.002990591379897178
    ],
    [
      0.41374755512338207,
      0.183216648716391,
      0.0029938764289606855,
      0.013239542987516737,
      0.383808500314789,
      0.0029938764289606855
    ],
    [
      0.7157032879226891,
      0.14124223099224786,
      0.0029918440588929283,
      0.016725334367168995,
      0.12034545860010822,
      0.0029918440588929283
    ],
    [
      0.7720565232312859,
      0.10821730918196018,
      0.002990323361911875,
      0.020394911200080447,
      0.09335060966284994,
      0.002990323361911875
    ],
    [
      0.7563878500541875,
      0.08696891315350665,
      0.002989622206939397,
      0.013481879339320792,
      0.13718211303910638,
      0.002989622206939397
    ],
    [
      0.736024115046802,
      0.10467120264027636,
      0.0029893622131704997,
      0.014275797020655567,
      0.13905016086592517,
      0.0029893622131704997
    ],
    [
      0.6756341127791272,
      0.14218650723979492,
      0.0029898941051604367,
      0.0220758761826704,
      0.15412371558808677,
      0.0029898941051604367
    ],
    [
      0.5004332046237373,
      0.17581503550260022,
      0.0029905494583834956,
      0.019340584864971793,
      0.2984300760919237,
      0.0029905494583834956
    ],
    [
      0.569841166901242,
      0.1640899777085149,
      0.0029907259752747274,
      0.013298885509682704,
      0.24678851793001108,
      0.0029907259752747274
    ],
    [
      0.5010478423428397,
      0.16146119305674456,
      0.002990750009364713,
      0.011925442449464434,
      0.31958402213222203,
      0.002990750009364713
    ],
    [
      0.7365473640208444,
      0.12259629211393357,
      0.002989061479552304,
      0.010084230784487292,
      0.12479399012163017,
      0.002989061479552304
    ],
    [
      0.7930019115965424,
      0.10350001413642404,
      0.0029887116120344798,
      0.008758329522193544,
      0.0887623215207712,
      0.0029887116120344798
    ],
    [
      0.67923677504571,
      0.09654943237039645,
      0.0029884204747976976,
      0.008162344550156799,
      0.21007460708414147,
      0.0029884204747976976
    ],
    [
      0.47691274677757783,
      0.0940643293874859,
      0.002988139683120464,
      0.007987274663427994,
      0.41505936980526736,
      0.002988139683120464
    ],
    [
      0.6954665197145566,
      0.11512139519749703,
      0.0029900261295818615,
      0.009456645589136455,
      0.1739753872396461,
      0.0029900261295818615
    ],
    [
      0.5949142849715812,
      0.15544891685113935,
      0.002992898195141934,
      0.011918743246124852,
      0.23173225854087087,
      0.002992898195141934
    ],
    [
      0.5316992249862175,
      0.1709308742699151,
      0.0029948558669220158,
      0.01658431951450588,
      0.27479586949551754,
      0.0029948558669220158
    ],
    [
      0.5197737305650111,
      0.1962757214121426,
      0.02016545601255986,
      0.023058599755739935,
      0.23772898392051578,
      0.002997508334030846
    ],
    [
      0.6332443682907464,
      0.09584433210107932,
      0.07004400612838882,
      0.013077668230191951,
      0.18479352309765848,
      0.002996102151935045
    ],
    [
      0.9851924975320835,
      0.0029615004935834165,
      0.0029615004935834165,
      0.0029615004935834165,
      0.0029615004935834165,
      0.0029615004935834165
    ],
    [
      0.8124971211025397,
      0.08001265892831647,
      0.031695329772669464,
      0.0052170461803225715,
      0.0675830626615117,
      0.0029947813546400835
    ],
    [
      0.6996611789380517,
      0.13043328112599709,
      0.02148177831551122,
      0.009063779989244423,
      0.13636396499884562,
      0.0029960166323500354
    ],
    [
      0.4499845125170463,
      0.11706937007828669,
      0.007254542267638029,
      0.009419778026977537,
      0.3650745486897031,
      0.051197248420348375
    ],
    [
      0.4988376305813209,
      0.16849328557017332,
      0.0033091956573375746,
      0.01207970971970126,
      0.21581096671842775,
      0.10146921175303918
    ],
    [
      0.3864234089538768,
      0.15211391863406526,
      0.002995173339385195,
      0.013210275691193743,
      0.3941776832429183,
      0.05107954013856083
    ],
    [
      0.5414412683988776,
      0.16068240679842946,
      0.0029898521742925035,
      0.01452542672579878,
      0.27737119372830926,
      0.0029898521742925035
    ],
    [
      0.5322357727831357,
      0.1790378126389995,
      0.002989895711503926,
      0.015849456177951884,
      0.2668971669769053,
      0.002989895711503926
    ],
    [
      0.691879463509871,
      0.1575412641433408,
      0.002990499418480968,
      0.01401738272637122,
      0.13058089078345514,
      0.002990499418480968
    ],
    [
      0.7125333198334087,
      0.12988617544208317,
      0.0029904530888261267,
      0.011429571288619912,
      0.14017002725823602,
      0.0029904530888261267
    ],
    [
      0.5057214790626445,
      0.11052698689361071,
      0.010512078931094479,
      0.009430289059693571,
      0.3608144110304031,
      0.0029947550225537063
    ],
    [
      0.7190943424969884,
      0.09319881340098213,
      0.0317685417867423,
      0.006262525937456973,
      0.14668077919318606,
      0.0029949971846441716
    ],
    [
      0.9851924975320835,
      0.0029615004935834165,
      0.0029615004935834165,
      0.0029615004935834165,
      0.0029615004935834165,
      0.0029615004935834165
    ],
    [
      0.7762471550848892,
      0.0771418894786011,
      0.03344461189684312,
      0.004798361189800981,
      0.10537320962125826,
      0.0029947727286074085
    ],
    [
      0.7787126433674406,
      0.06140823878748348,
      0.023170150612995686,
      0.00521090310471092,
      0.1285035210461985,
      0.002994543081171022
    ],
    [
      0.9851924975320835,
      0.0029615004935834165,
      0.0029615004935834165,
      0.0029615004935834165,
      0.0029615004935834165,
      0.0029615004935834165
    ]
  ],
  [
    [
      0.9851924975320835,
      0.0029615004935834165,
      0.0029615004935834165,
      0.0029615004935834165,
      0.0029615004935834165,
      0.0029615004935834165
    ],
    [
      0.4847644838193526,
      0.031128220984231684,
      0.012706987382472246,
      0.0029936397126350935,
      0.46541302838867343,
      0.0029936397126350935
    ],
    [
      0.4188104600056729,
      0.07006555968441029,
      0.01163926860071773,
      0.005699162518162078,
      0.49079109050854863,
      0.002994458682488411
    ],
    [
      0.5208946713479229,
      0.11285031623053703,
      0.006152945178023237,
      0.009816330722445726,
      0.3472908560562973,
      0.002994880464773916
    ],
    [
      0.2575875498459557,
      0.1258170703080846,
      0.002993867007982036,
      0.010352782529210928,
      0.6002548633007847,
      0.002993867007982036
    ],
    [
      0.3878987006207694,
      0.1767945310934786,
      0.0029946385595302225,
      0.01207704681887484,
      0.41724044434781676,
      0.0029946385595302225
    ],
    [
      0.5364375093142089,
      0.17874579298666277,
      0.0029944961299875478,
      0.013168908975364758,
      0.26565879646378865,
      0.0029944961299875478
    ],
    [
      0.711518713981613,
      0.14892982141976965,
      0.0029941977387913025,
      0.021580399162882978,
      0.11198266995815177,
      0.0029941977387913025
    ],
    [
      0.6865017523827489,
      0.09029254889853228,
      0.0029902758936687012,
      0.052095193408508045,
      0.16512995352287357,
      0.0029902758936687012
    ],
    [
      0.43663147790615253,
      0.07581834548790807,
      0.002988110192362761,
      0.01850372291780026,
      0.4630702333034138,
      0.002988110192362761
    ],
    [
      0.6828654206090407,
      0.09756079059155866,
      0.0029887350016119126,
      0.018715146046254367,
      0.19488117274992264,
      0.0029887350016119126
    ],
    [
      0.6741364488170035,
      0.14132345240747202,
      0.0029905030361594407,
      0.05626841535502913,
      0.12229067734817654,
      0.0029905030361594407
    ],
    [
      0.5867763826249781,
      0.22060430462175093,
      0.0029954868411099116,
      0.034983609628296504,
      0.15164472944275467,
      0.0029954868411099116
    ],
    [
      0.5546551030747179,
      0.2030169273076796,
      0.0029932012629355653,
      0.020253104045916438,
      0.21608846304581492,
      0.0029932012629355653
    ],
    [
      0.5473983392360594,
      0.17920314785978494,
      0.0029907185838971167,
      0.013212489785601026,
      0.25420458595076045,
      0.0029907185838971167
    ],
    [
      0.6825734696369737,
      0.16069369225177418,
      0.0029906490834210784,
      0.011618625825782838,
      0.13913291411862722,
      0.0029906490834210784
    ],
    [
      0.7091785622139821,
      0.15664407927965368,
      0.0029910063180057563,
      0.011253928673677803,
      0.11694141719667488,
      0.0029910063180057563
    ],
    [
      0.7226079657874329,
      0.12817534490236834,
      0.0029892469389221927,
      0.01008098235589693,
      0.13315721307645753,
      0.0029892469389221927
    ],
    [
      0.6426719144114039,
      0.15291961992588696,
      0.0029904838454985665,
      0.011095516097566767,
      0.18733198187414526,
      0.0029904838454985665
    ],
    [
      0.5555627758913415,
      0.13764882869907696,
      0.0029898160084038702,
      0.011128472356987815,
      0.289680291035786,
      0.0029898160084038702
    ],
    [
      0.2717995040471232,
      0.15437764160665177,
      0.0029920270200453412,
      0.011321828689278893,
      0.5565169716168556,
      0.0029920270200453412
    ],
    [
      0.28578231849275165,
      0.15941722002819475,
      0.0029930300871957027,
      0.021824088602079808,
      0.5269903127025825,
      0.0029930300871957027
    ],
    [
      0.540450928906708,
      0.15914065248654352,
      0.011407573706858179,
      0.050784918852831096,
      0.23521941925269385,
      0.0029965067943654817
    ],
    [
      0.5607510353127634,
      0.0705350054504209,
      0.020979503136036415,
      0.015356490761647665,
      0.32938355434514366,
      0.002994410993988032
    ],
    [
      0.9851924975320835,
