[
  [
    [
      0.9851924975320835,
      0.0029615004935834165,
      0.0029615004935834165,
      0.0029615004935834165,
      0.0029615004935834165,
      0.0029615004935834165
    ],
    [
      0.9851924975320835,
      0.0029615004935834165,
      0.0029615004935834165,
      0.0029615004935834165,
      0.0029615004935834165,
      0.0029615004935834165
    ],
    [
      0.9851924975320835,
      0.0029615004935834165,
      0.0029615004935834165,
      0.0029615004935834165,
      0.0029615004935834165,
      0.0029615004935834165
    ],
    [
      0.9851924975320835,
      0.0029615004935834165,
      0.0029615004935834165,
      0.0029615004935834165,
      0.0029615004935834165,
      0.0029615004935834165
    ],
    [
      0.9851924975320835,
      0.0029615004935834165,
      0.0029615004935834165,
      0.0029615004935834165,
      0.0029615004935834165,
      0.0029615004935834165
    ],
    [
      0.9851924975320835,
      0.0029615004935834165,
      0.0029615004935834165,
      0.0029615004935834165,
      0.0029615004935834165,
      0.0029615004935834165
    ],
    [
      0.9851924975320835,
      0.0029615004935834165,
      0.0029615004935834165,
      0.0029615004935834165,
      0.0029615004935834165,
      0.0029615004935834165
    ],
    [
      0.9851924975320835,
      0.0029615004935834165,
      0.0029615004935834165,
      0.0029615004935834165,
      0.0029615004935834165,
      0.0029615004935834165
    ],
    [
      0.9851924975320835,
      0.0029615004935834165,
      0.0029615004935834165,
      0.0029615004935834165,
      0.0029615004935834165,
      0.0029615004935834165
    ],
    [
      0.9851924975320835,
      0.0029615004935834165,
      0.0029615004935834165,
      0.0029615004935834165,
      0.0029615004935834165,
      0.0029615004935834165
    ],
    [
      0.9851924975320835,
      0.0029615004935834165,
      0.0029615004935834165,
      0.0029615004935834165,
      0.0029615004935834165,
      0.0029615004935834165
    ],
    [
      0.9851924975320835,
      0.0029615004935834165,
      0.0029615004935834165,
      0.0029615004935834165,
      0.0029615004935834165,
      0.0029615004935834165
    ],
    [
      0.9851924975320835,
      0.0029615004935834165,
      0.0029615004935834165,
      0.0029615004935834165,
      0.0029615004935834165,
      0.0029615004935834165
    ],
    [
      0.9851924975320835,
      0.0029615004935834165,
      0.0029615004935834165,
      0.0029615004935834165,
      0.0029615004935834165,
      0.0029615004935834165
    ],
    [
      0.9851924975320835,
      0.0029615004935834165,
      0.0029615004935834165,
      0.0029615004935834165,
      0.0029615004935834165,
      0.0029615004935834165
    ],
    [
      0.9851924975320835,
      0.0029615004935834165,
      0.0029615004935834165,
      0.0029615004935834165,
      0.0029615004935834165,
      0.0029615004935834165
    ],
    [
      0.9851924975320835,
      0.0029615004935834165,
      0.0029615004935834165,
      0.0029615004935834165,
      0.0029615004935834165,
      0.0029615004935834165
    ],
    [
      0.9851924975320835,
      0.0029615004935834165,
      0.0029615004935834165,
      0.0029615004935834165,
      0.0029615004935834165,
      0.0029615004935834165
    ],
    [
      0.9851924975320835,
      0.0029615004935834165,
      0.0029615004935834165,
      0.0029615004935834165,
      0.0029615004935834165,
      0.0029615004935834165
    ],
    [
      0.9851924975320835,
      0.0029615004935834165,
      0.0029615004935834165,
      0.0029615004935834165,
      0.0029615004935834165,
      0.0029615004935834165
    ],
    [
      0.9851924975320835,
      0.0029615004935834165,
      0.0029615004935834165,
      0.0029615004935834165,
      0.0029615004935834165,
      0.0029615004935834165
    ],
    [
      0.9851924975320835,
      0.0029615004935834165,
      0.0029615004935834165,
      0.0029615004935834165,
      0.0029615004935834165,
      0.0029615004935834165
    ],
    [
      0.9851924975320835,
      0.0029615004935834165,
      0.0029615004935834165,
      0.0029615004935834165,
      0.0029615004935834165,
      0.0029615004935834165
    ],
    [
      0.9851924975320835,
      0.0029615004935834165,
      0.0029615004935834165,
      0.0029615004935834165,
      0.0029615004935834165,
      0.0029615004935834165
    ],
    [
      0.9851924975320835,
      0.0029615004935834165,
      0.0029615004935834165,
      0.0029615004935834165,
      0.0029615004935834165,
      0.0029615004935834165
    ],
    [
      0.9851924975320835,
      0.0029615004935834165,
      0.0029615004935834165,
      0.0029615004935834165,
      0.0029615004935834165,
      0.0029615004935834165
    ],
    [
      0.9851924975320835,
      0.0029615004935834165,
      0.0029615004935834165,
      0.0029615004935834165,
      0.0029615004935834165,
      0.0029615004935834165
    ],
    [
      0.9851924975320835,
      0.0029615004935834165,
      0.0029615004935834165,
      0.0029615004935834165,
      0.0029615004935834165,
      0.0029615004935834165
    ],
    [
      0.9851924975320835,
      0.0029615004935834165,
      0.0029615004935834165,
      0.0029615004935834165,
      0.0029615004935834165,
      0.0029615004935834165
    ],
    [
      0.9851924975320835,
      0.0029615004935834165,
      0.0029615004935834165,
      0.0029615004935834165,
      0.0029615004935834165,
      0.0029615004935834165
    ],
    [
      0.9851924975320835,
      0.0029615004935834165,
      0.0029615004935834165,
      0.0029615004935834165,
      0.0029615004935834165,
      0.0029615004935834165
    ],
    [
      0.9851924975320835,
      0.0029615004935834165,
      0.0029615004935834165,
      0.0029615004935834165,
      0.0029615004935834165,
      0.0029615004935834165
    ],
    [
      0.9851924975320835,
      0.0029615004935834165,
      0.0029615004935834165,
      0.0029615004935834165,
      0.0029615004935834165,
      0.0029615004935834165
    ],
    [
      0.9851924975320835,
      0.0029615004935834165,
      0.0029615004935834165,
      0.0029615004935834165,
      0.0029615004935834165,
      0.0029615004935834165
    ],
    [
      0.9851924975320835,
      0.0029615004935834165,
      0.0029615004935834165,
      0.0029615004935834165,
      0.0029615004935834165,
      0.0029615004935834165
    ],
    [
      0.9851924975320835,
      0.0029615004935834165,
      0.0029615004935834165,
      0.0029615004935834165,
      0.0029615004935834165,
      0.0029615004935834165
    ],
    [
      0.9851924975320835,
      0.0029615004935834165,
      0.0029615004935834165,
      0.0029615004935834165,
      0.0029615004935834165,
      0.0029615004935834165
    ],
    [
      0.9851924975320835,
      0.0029615004935834165,
      0.0029615004935834165,
      0.0029615004935834165,
      0.0029615004935834165,
      0.0029615004935834165
    ],
    [
      0.9851924975320835,
      0.0029615004935834165,
      0.0029615004935834165,
      0.0029615004935834165,
      0.0029615004935834165,
      0.0029615004935834165
    ],
    [
      0.9851924975320835,
      0.0029615004935834165,
      0.0029615004935834165,
      0.0029615004935834165,
      0.0029615004935834165,
      0.0029615004935834165
    ]
  ],
  [
    [
      0.9851924975320835,
      0.0029615004935834165,
      0.0029615004935834165,
      0.0029615004935834165,
      0.0029615004935834165,
      0.0029615004935834165
    ],
    [
      0.5657835678596226,
      0.030113034409332103,
      0.013160495479254684,
      0.0029940146762371593,
      0.3849548728993164,
      0.0029940146762371593
    ],
    [
      0.6682419589365362,
      0.05415173884163807,
      0.016737132963465316,
      0.0038448398992328207,
      0.25402971624727433,
      0.002994613111853379
    ],
    [
      0.46793363137831073,
      0.04539194988363168,
      0.0133326395053511,
      0.003928577708980277,
      0.4664188329896777,
      0.0029943685340485136
    ],
    [
      0.7526533057376168,
      0.059191765228989786,
      0.016444972252801154,
      0.003836367741525961,
      0.16487890700239582,
      0.0029946820366707426
    ],
    [
      0.8440890260399415,
      0.05502548041216442,
      0.015458090453154914,
      0.0033506334643649163,
      0.07908186837464745,
      0.0029949012557269686
    ],
    [
      0.8441680234625781,
      0.034385022898125936,
      0.007376318317335081,
      0.0029948050034219157,
      0.10808102531511714,
      0.0029948050034219157
    ],
    [
      0.8050072527684722,
      0.03002660240088208,
      0.0051153916600989585,
      0.0029950796899055137,
      0.15386059379073588,
      0.0029950796899055137
    ],
    [
      0.43505332530009266,
      0.026525320333271814,
      0.005256643277627626,
      0.003274691791671991,
      0.5268953641725428,
      0.00299465512479321
    ],
    [
      0.27432255437442504,
      0.03163689910032234,
      0.009113815268013603,
      0.003536270916049792,
      0.6783964107065645,
      0.0029940496346247407
    ],
    [
      0.36415579314075974,
      0.05475077611081312,
      0.011404922141537878,
      0.004202413387876975,
      0.5624923109983342,
      0.0029937842206782497
    ],
    [
      0.6875201906332497,
      0.08844659801946211,
      0.02853960982066266,
      0.005863204531558518,
      0.18663585011705033,
      0.0029945468780167117
    ],
    [
      0.7718381492909743,
      0.09757742771641446,
      0.033035036773959886,
      0.006372736037508327,
      0.08818190471012188,
      0.0029947454710213704
    ],
    [
      0.7906341114010739,
      0.09722592030007428,
      0.0304261710715764,
      0.006734074218283937,
      0.07198481934477997,
      0.0029949036642115856
    ],
    [
      0.7233230094899815,
      0.08641254666602988,
      0.01798373592574922,
      0.0073771117230150085,
      0.16190876514445482,
      0.00299483105076956
    ],
    [
      0.49055186503788056,
      0.0683940027067465,
      0.00976464759897142,
      0.0057051185038125415,
      0.42259031729447466,
      0.0029940488581144697
    ],
    [
      0.7111980074739747,
      0.07039848324865568,
      0.015185047733414227,
      0.0066661114610481655,
      0.1935579181730581,
      0.0029944319098491753
    ],
    [
      0.6678695018352537,
      0.06195985625101571,
      0.016022367506032736,
      0.006216632481742355,
      0.2449371902778628,
      0.0029944516480927244
    ],
    [
      0.35027751158716597,
      0.04412180653525015,
      0.011410747917612001,
      0.004206517661752633,
      0.5869892264459612,
      0.0029941898522580584
    ],
    [
      0.39715988801372815,
      0.06278348598441393,
      0.008936370589701372,
      0.0047198885229684006,
      0.5234062442045583,
      0.002994122684630121
    ],
    [
      0.6968762959885585,
      0.07629112889996544,
      0.015283146354757929,
      0.006890568392607818,
      0.201664256871922,
      0.002994603492188502
    ],
    [
      0.8076249629890404,
      0.0735853737039784,
      0.01939457326267641,
      0.006979346568749605,
      0.08942104397974322,
      0.002994699495811966
    ],
    [
      0.8583464498439876,
      0.06063472050151833,
      0.020200248397775306,
      0.011135556318857206,
      0.04668857546386253,
      0.0029944494739990923
    ],
    [
      0.9851924975320835,
      0.0029615004935834165,
      0.0029615004935834165,
      0.0029615004935834165,
      0.0029615004935834165,
      0.0029615004935834165
    ],
    [
      0.9851924975320835,
      0.0029615004935834165,
      0.0029615004935834165,
      0.0029615004935834165,
      0.0029615004935834165,
      0.0029615004935834165
    ],
    [
      0.9851924975320835,
      0.0029615004935834165,
      0.0029615004935834165,
      0.0029615004935834165,
      0.0029615004935834165,
      0.0029615004935834165
    ],
    [
      0.9851924975320835,
      0.0029615004935834165,
      0.0029615004935834165,
      0.0029615004935834165,
      0.0029615004935834165,
      0.0029615004935834165
    ],
    [
      0.9851924975320835,
      0.0029615004935834165,
      0.0029615004935834165,
      0.0029615004935834165,
      0.0029615004935834165,
      0.0029615004935834165
    ],
    [
      0.9851924975320835,
      0.0029615004935834165,
      0.0029615004935834165,
      0.0029615004935834165,
      0.0029615004935834165,
      0.0029615004935834165
    ],
    [
      0.7869907900677078,
      0.06013391948225231,
      0.01914281696758348,
      0.005276705087170006,
      0.12546140340850875,
      0.0029943649867778047
    ],
    [
      0.4770818890702275,
      0.06286995122144082,
      0.010613283833002357,
      0.004805190032859337,
      0.44163574527005034,
      0.002993940572419675
    ],
    [
      0.4788445661072636,
      0.06389306090442079,
      0.007961617212258151,
      0.005074280925303305,
      0.44123254337313816,
      0.002993931477615937
    ],
    [
      0.7380265521983607,
      0.06868922060002113,
      0.01530427836123698,
      0.006069349346118932,
      0.16891601908099482,
      0.0029945804132674894
    ],
    [
      0.7930288306361485,
      0.060919861227770794,
      0.0173729665573316,
      0.00409557136989166,
      0.12158810347502416,
      0.002994666733833417
    ],
    [
      0.8367501296856277,
      0.060499116277264876,
      0.01747162592026934,
      0.0035941588935465645,
      0.07869021485767545,
      0.002994754365616138
    ],
    [
      0.83455903256843,
      0.06407849877539963,
      0.0174728494886943,
      0.0038364655287851834,
      0.07705839567170966,
      0.002994757966981316
    ],
    [
      0.7598459220709312,
      0.06371592108628586,
      0.017415007358664684,
      0.003868850941583407,
      0.15215971082400773,
      0.002994587718527197
    ],
    [
      0.7607025370956115,
      0.06148301611326974,
      0.01873541532965394,
      0.0037247857955614995,
      0.15235964969481328,
      0.0029945959710899668
    ],
    [
      0.8576170578837621,
      0.04843081556125261,
      0.01724133366159203,
      0.002994054143980589,
      0.07072268460543203,
      0.002994054143980589
    ],
    [
      0.9851924975320835,
      0.0029615004935834165,
      0.0029615004935834165,
      0.0029615004935834165,
      0.0029615004935834165,
      0.0029615004935834165
    ]
  ],
  [
    [
      0.9851924975320835,
      0.0029615004935834165,
      0.0029615004935834165,
      0.0029615004935834165,
      0.0029615004935834165,
      0.0029615004935834165
    ],
    [
      0.7621752417293721,
      0.06918951449788384,
      0.020151515458684776,
      0.006074451117163795,
      0.1394144904928891,
      0.0029947867040062966
    ],
    [
      0.6447707806410257,
      0.10692510422272185,
      0.011086865557594272,
      0.009140558020789374,
      0.2250814939778776,
      0.0029951975799911964
    ],
    [
      0.4308065904756553,
      0.10508068554049771,
      0.005622531549078171,
      0.009336154379010664,
      0.44615937316512644,
      0.002994664890631745
    ],
    [
      0.701137536169566,
      0.10515623723258101,
      0.006309233579160416,
      0.008888000121936194,
      0.175513775385704,
      0.0029952175110523715
    ],
    [
      0.728390761536222,
      0.07850464720256566,
      0.0057818208503763735,
      0.00658309617217484,
      0.17774444693738695,
      0.002995227301274213
    ],
    [
      0.461374358195831,
      0.04818677831832062,
      0.003547163184094913,
      0.003938898254713904,
      0.4799580850068123,
      0.002994717040227282
    ],
    [
      0.7305331487367066,
      0.05346889518614124,
      0.002994280994056535,
      0.004456337827405775,
      0.20555305626163337,
      0.002994280994056535
    ],
    [
      0.6277635642833598,
      0.06733853638554557,
      0.0029951394930446264,
      0.0064455513371239614,
      0.2924620690078816,
      0.0029951394930446264
    ],
    [
      0.18162580198019151,
      0.07181256004631947,
      0.0033773976868042396,
      0.007331551923124823,
      0.7328585882264862,
      0.0029941001370739156
    ],
    [
      0.17932343820971766,
      0.09698801866160628,
      0.005370802801614433,
      0.008923087871618851,
      0.706400634309253,
      0.0029940181461899714
    ],
    [
      0.4835527975862533,
      0.13650751305251238,
      0.009622333706526275,
      0.011736814622710114,
      0.3555858090899826,
      0.002994731942015604
    ],
    [
      0.5130554763833854,
      0.16026479010760816,
      0.011922701026120804,
      0.013099718634027278,
      0.2986624432812757,
      0.0029948705675827505
    ],
    [
      0.676820301684922,
      0.16028853418241681,
      0.010861658004869401,
      0.012952387548705764,
      0.13608156428026819,
      0.0029955542988179826
    ],
    [
      0.6114030628740005,
      0.1799090716801531,
      0.007501910642203216,
      0.02030735389203028,
      0.1778823733008857,
      0.00299622761072731
    ],
    [
      0.4308549612840316,
      0.13448330240964806,
      0.004696287986057832,
      0.023137002901181047,
      0.40383386002093924,
      0.0029945853981422996
    ],
    [
      0.6119090453327587,
      0.12219178386959106,
      0.005590702676861587,
      0.016628206836789772,
      0.24068563865931786,
      0.002994622624681158
    ],
    [
      0.4032272788211072,
      0.09252699185980995,
      0.005850788825926248,
      0.008792261663742123,
      0.4866085183489677,
      0.0029941604804468087
    ],
    [
      0.24559728904317463,
      0.0861234512966819,
      0.0046145883870229104,
      0.007734201433634401,
      0.6529362132095131,
      0.002994256629973063
    ],
    [
      0.431598585473557,
      0.1420923646302431,
      0.0049149832452708405,
      0.010339863976753341,
      0.40805852665541714,
      0.0029956760187586115
    ],
    [
      0.37854771738207876,
      0.13315501826260276,
      0.005749082571367892,
      0.011441413138481139,
      0.4681120310996154,
      0.0029947375458540407
    ],
    [
      0.6082208034262773,
      0.1372888444528281,
      0.011408157185286299,
      0.017166620227646447,
      0.22292051982743377,
      0.0029950548805281144
    ],
    [
      0.7058508351120685,
      0.1039452853788078,
      0.026490060559712078,
      0.030032033358843184,
      0.13068683070427253,
      0.0029949548862959288
    ],
    [
      0.7733965601817401,
      0.0687912510125989,
      0.020183531167816123,
      0.05569646809218054,
      0.0789376254900672,
      0.0029945640555972563
    ],
    [
      0.8450884596372322,
      0.04507242652743837,
      0.016154238132922178,
      0.0140473236761491,
      0.07664340340159781,
      0.0029941486246604894
    ],
    [
      0.9851924975320835,
      0.0029615004935834165,
      0.0029615004935834165,
      0.0029615004935834165,
      0.0029615004935834165,
      0.0029615004935834165
    ],
    [
      0.43134862165179944,
      0.03820414153027207,
      0.007831456131012994,
      0.0031374956554829636,
      0.5164849631459754,
      0.0029933218854572515
    ],
    [
      0.41542743095610485,
      0.058212097694633556,
      0.008970133612813505,
      0.004773687013475927,
      0.5096229132110675,
      0.002993737511904721
    ],
    [
      0.7178239183880087,
      0.08014509302955311,
      0.021931122502997624,
      0.006873737728792288,
      0.17023135507026477,
      0.0029947732803835532
    ],
    [
      0.7291955773609504,
      0.10516336060185012,
      0.03498279327929519,
      0.007276384107563736,
      0.12038647375993757,
      0.002995410890402989
    ],
    [
      0.6194494677629027,
      0.1324448489327904,
      0.017324384479031712,
      0.010362264329719192,
      0.21742358554630847,
      0.0029954489492477047
    ],
    [
      0.6421809555597594,
      0.13095980099609947,
      0.010660786754204954,
      0.010830793220637522,
      0.20237237256754487,
      0.0029952909017539474
    ],
    [
      0.6874392839797308,
      0.10955475883659833,
      0.008456193345012223,
      0.009419266074184798,
      0.18213533506658428,
      0.002995162697889702
    ],
    [
      0.5262701559449532,
      0.08290812611126262,
      0.006607160555342309,
      0.007577148148534382,
      0.3736426937789798,
      0.002994715460927781
    ],
    [
      0.7336318948415564,
      0.08500782066472291,
      0.006795458636367818,
      0.007251151438699767,
      0.16431850124767097,
      0.002995173170982178
    ],
    [
      0.6707429634658663,
      0.10515577062088538,
      0.006766303496588539,
      0.008767558639684455,
      0.2055723173412796,
      0.002995086435695765
    ],
    [
      0.4057141340285776,
      0.10630185455842411,
      0.0065649218448658436,
      0.009155558184465847,
      0.46926904404972025,
      0.0029944873339465532
    ],
    [
      0.4067649420665364,
      0.10011434872357344,
      0.010850505869702447,
      0.009164630874649835,
      0.47011100014318247,
      0.0029945723223554588
    ],
    [
      0.7036095667369289,
      0.0677926853394375,
      0.019050053478109643,
      0.006966368359004471,
      0.19958668267094587,
      0.002994643415573753
    ],
    [
      0.9851924975320835,
      0.0029615004935834165,
      0.0029615004935834165,
      0.0029615004935834165,
      0.0029615004935834165,
      0.0029615004935834165
    ]
  ],
  [
    [
      0.9851924975320835,
      0.0029615004935834165,
      0.0029615004935834165,
      0.0029615004935834165,
      0.0029615004935834165,
      0.0029615004935834165
    ],
    [
      0.7284549609156528,
      0.09004550577986876,
      0.028331183087997473,
      0.0075375265748698055,
      0.14263603673260142,
      0.0029947869090100393
    ],
    [
      0.6583297419455985,
      0.1453657373333995,
      0.009650651228286716,
      0.013061911902330185,
      0.17059671019842704,
      0.002995247391958108
    ],
    [
      0.6747445682103282,
      0.14828489272921755,
      0.002990369674619377,
      0.013218217529914181,
      0.15777158218130155,
      0.002990369674619377
    ],
    [
      0.7642500533962477,
      0.12107572043410626,
      0.0029906354031121285,
      0.010704712012715282,
      0.09798824335070662,
      0.0029906354031121285
    ],
    [
      0.7253050761988481,
      0.08349474493614124,
      0.0029902258702891762,
      0.0074946659217971535,
      0.17772506120263515,
      0.0029902258702891762
    ],
    [
      0.4588831448618512,
      0.05175531716473056,
      0.002988816970177229,
      0.0043185451606119404,
      0.47906535887245183,
      0.002988816970177229
    ],
    [
      0.7704637477783725,
      0.05934489315123556,
      0.0029901300965480375,
      0.004794420819645402,
      0.15941667805765047,
      0.0029901300965480375
    ],
    [
      0.7158639610147296,
      0.07907113550737623,
      0.0029899989947772465,
      0.007246351591962346,
      0.19183855389637727,
      0.0029899989947772465
    ],
    [
      0.235710822189509,
      0.09393632057027743,
      0.0029879797839832134,
      0.009047014243826493,
      0.6553298834284208,
      0.0029879797839832134
    ],
    [
      0.15031383666554007,
      0.10932561624219578,
      0.0029876881363842616,
      0.010458727494638553,
      0.7239264433248572,
      0.0029876881363842616
    ],
    [
      0.2415339044063021,
      0.13862635277572652,
      0.002988680724912853,
      0.012740101983616444,
      0.6011222793845294,
      0.002988680724912853
    ],
    [
      0.28249861146703076,
      0.16111687350166684,
      0.0029903916647063054,
      0.013373375016734914,
      0.5370303566851551,
      0.0029903916647063054
    ],
    [
      0.506035117489514,
      0.2069324791508238,
      0.002994453278391574,
      0.015026435264479355,
      0.26601706153839966,
      0.002994453278391574
    ],
    [
      0.5588058591703426,
      0.17659945830327142,
      0.002991672206050169,
      0.025378135596076545,
      0.23323320251820914,
      0.002991672206050169
    ],
    [
      0.4600928919414731,
      0.16520662274400386,
      0.002989384499916111,
      0.058608672191492836,
      0.310113044123198,
      0.002989384499916111
    ],
    [
      0.6351920481270523,
      0.14112344755767597,
      0.0029896738714688047,
      0.02336018663391249,
      0.1943449699384217,
      0.0029896738714688047
    ],
    [
      0.579053809865715,
      0.11923251488100241,
      0.0029898367541400708,
      0.009998680681846632,
      0.28573532106315597,
      0.0029898367541400708
    ],
    [
      0.32282049436505944,
      0.10579362652863586,
      0.002988717159202344,
      0.00913128526559956,
      0.5562771595223005,
      0.002988717159202344
    ],
    [
      0.5408974551022449,
      0.12093275932464047,
      0.002989562407711768,
      0.01033981907223399,
      0.32185084168545725,
      0.002989562407711768
    ],
    [
      0.39710574368496415,
      0.14687181130218033,
      0.002989607123838331,
      0.012610586166076704,
      0.4374326445991023,
      0.002989607123838331
    ],
    [
      0.45701946516806286,
      0.19941857333690838,
      0.004229616574119925,
      0.02631979292164861,
      0.31001687583464355,
      0.0029956761646166975
    ],
    [
      0.4363608591426512,
      0.1360220125801441,
      0.007153766223327609,
      0.06148305212403832,
      0.35598571457624456,
      0.002994595353594242
    ],
    [
      0.6780741410745099,
      0.09781596246321851,
      0.009518093907805574,
      0.030470513476356757,
      0.18112662385043599,
      0.002994665227673334
    ],
    [
      0.70736992481853,
      0.06304577535895826,
      0.01590394704221777,
      0.010155120812039349,
      0.20053059802734455,
      0.002994633940910305
    ],
    [
      0.4279558739740809,
      0.04212248844114949,
      0.013448936623918868,
      0.0040740781741035416,
      0.5094044044517065,
      0.002994218335040695
    ],
    [
      0.5358089280704762,
      0.0736816990956049,
      0.013222293780991589,
      0.006965804766587146,
      0.36732686448599755,
      0.0029944098003427066
    ],
    [
      0.3901425911766135,
      0.12142089688755327,
      0.006059652468802476,
      0.011147663672428055,
      0.46823475499644984,
      0.0029944407981529033
    ],
    [
      0.6283212709383545,
      0.1390764675590409,
      0.015046361195049622,
      0.011696683178283183,
      0.20286407386884686,
      0.0029951432604249776
    ],
    [
      0.722159550508791,
      0.1216646989793534,
      0.0372693158807338,
      0.008017302179548292,
      0.10789353086747976,
      0.0029956015840939404
    ],
    [
      0.6071209658400494,
      0.13744337022795883,
      0.02975180517557138,
      0.00952528994612492,
      0.2131623391942144,
      0.0029962296160810408
    ],
    [
      0.673348010694827,
      0.11529211271425395,
      0.029899399271870908,
      0.009184521911959202,
      0.1692803956840908,
      0.0029955597229982195
    ],
    [
      0.6895840661316954,
      0.10726199197234963,
      0.011402353832742981,
      0.009601726666510853,
      0.1791546198386094,
      0.002995241558091893
    ],
    [
      0.6929647390016049,
      0.08549522988234445,
      0.0035417901485758005,
      0.007800987732537499,
      0.207202181059606,
      0.0029950721753314044
    ],
    [
      0.6985611230445844,
      0.08748105262240198,
      0.0029914590360827597,
      0.008053086026715315,
      0.19992182023413288,
      0.0029914590360827597
    ],
    [
      0.47921109961127,
      0.11128504792640495,
      0.0029892876747079876,
      0.010220606521608111,
      0.39330467059130103,
      0.0029892876747079876
    ],
    [
      0.567849473322158,
      0.14460808334770728,
      0.002989864223905856,
      0.013036218108698826,
      0.26852649677362417,
      0.002989864223905856
    ],
    [
      0.552415642936117,
      0.14099724108404565,
      0.008557700714246086,
      0.013447204166498205,
      0.28158715787388305,
      0.0029950532252100326
    ],
    [
      0.48541992900452674,
      0.07729910265327661,
      0.02208647358717617,
      0.010513553313400238,
      0.4016863896755358,
      0.002994551766084362
    ],
    [
      0.9851924975320835,
      0.0029615004935834165,
      0.0029615004935834165,
      0.0029615004935834165,
      0.0029615004935834165,
      0.0029615004935834165
    ]
  ],
  [
    [
      0.9851924975320835,
      0.0029615004935834165,
      0.0029615004935834165,
      0.0029615004935834165,
      0.0029615004935834165,
      0.0029615004935834165
    ],
    [
      0.4990459095010105,
      0.08551474064419146,
      0.02476999371743345,
      0.01070720192312893,
      0.37696754283831224,
      0.002994611375923384
    ],
    [
      0.5638781733332686,
      0.1681340541962075,
      0.009923412964689281,
      0.015276600582645954,
      0.23979260507515784,
      0.0029951538480307957
    ],
    [
      0.7239896829728718,
      0.15876205072439378,
      0.002990646119157422,
      0.014073917863643887,
      0.09719305620077573,
      0.002990646119157422
    ],
    [
      0.7972719890018279,
      0.12402939639604961,
      0.002990800152389662,
      0.01094100573693858,
      0.061776008560404584,
      0.002990800152389662
    ],
    [
      0.7700527096691113,
      0.08411328806732878,
      0.0029903438672666312,
      0.007543992017662191,
      0.13230932251136465,
      0.0029903438672666312
    ],
    [
      0.7287155420755284,
      0.05560967204656831,
      0.0029895364087926756,
      0.004564250516159112,
      0.20513146254415893,
      0.0029895364087926756
    ],
    [
      0.8203715248893231,
      0.0563840579591545,
      0.002989757892247528,
      0.00455766334388656,
      0.11270723802314093,
      0.002989757892247528
    ],
    [
      0.760163903558241,
      0.07613162349935133,
      0.002989611128743066,
      0.006884891389432079,
      0.1508403592954894,
      0.002989611128743066
    ],
    [
      0.33813631967346336,
      0.10310787846765913,
      0.0029886553056084927,
      0.009261875117572491,
      0.5435166161300883,
      0.0029886553056084927
    ],
    [
      0.261699507751365,
      0.13554089291409716,
      0.0029891239141871307,
      0.011889844361801455,
      0.5848915071443623,
      0.0029891239141871307
    ],
    [
      0.4305015599312539,
      0.1543991541168454,
      0.002990188438521205,
      0.01307471399591024,
      0.396044195078948,
      0.002990188438521205
    ],
    [
      0.265557737730755,
      0.18091243295166767,
      0.0029930560248793594,
      0.0130895884703102,
      0.5344541287975085,
      0.0029930560248793594
    ],
    [
      0.3337208119485333,
      0.1895849554576586,
      0.0029942282854529614,
      0.012745633129563222,
      0.45796014289333903,
      0.0029942282854529614
    ],
    [
      0.3377074239920259,
      0.19803298457255614,
      0.002994016437564472,
      0.02423499223347837,
      0.4340365663268106,
      0.002994016437564472
    ],
    [
      0.312056348021937,
      0.1558797080877906,
      0.0029904306233712887,
      0.03343799086556775,
      0.49264509177796223,
      0.0029904306233712887
    ],
    [
      0.6118373670278363,
      0.14832751171343042,
      0.0029910290845882276,
      0.022255347290556206,
      0.21159771579900077,
      0.0029910290845882276
    ],
    [
      0.6387317083738774,
      0.16153707127768938,
      0.0029938305688637966,
      0.010914465637163119,
      0.1828290935735427,
      0.0029938305688637966
    ],
    [
      0.418505313947274,
      0.1190313740334101,
      0.0029896857291979518,
      0.009532365979553658,
      0.4469515745813664,
      0.0029896857291979518
    ],
    [
      0.6310162853042796,
      0.1254643388477022,
      0.002988982599236126,
      0.011013695743064149,
      0.22652771490648207,
      0.002988982599236126
    ],
    [
      0.6624762721422758,
      0.14194159376968157,
      0.002989336069870987,
      0.012399916392217911,
      0.17720354555608292,
      0.002989336069870987
    ],
    [
      0.6438989638237518,
      0.15499377432191955,
      0.0029901618481141677,
      0.01880547567036943,
      0.176321462487731,
      0.0029901618481141677
    ],
    [
      0.5922791055014851,
      0.1417112141520918,
      0.0029899370260871748,
      0.023260491043506186,
      0.2367693152507428,
      0.0029899370260871748
    ],
    [
      0.46097821169163533,
      0.10821844871704121,
      0.002992716941180357,
      0.014791703144117829,
      0.4100262025648451,
      0.002992716941180357
    ],
    [
      0.6503143625394243,
      0.0796483454659238,
      0.004423890451607663,
      0.006964528018475704,
      0.2556541831565205,
      0.0029946903680481223
    ],
    [
      0.49473823054718524,
      0.06934100061141135,
      0.004957991551202846,
      0.006783921733798869,
      0.4211846180337028,
      0.0029942375226989512
    ],
    [
      0.6380598703086735,
      0.1036353790475096,
      0.004320445824693047,
      0.00949745679277072,
      0.24149216685269365,
      0.002994681173659489
    ],
    [
      0.6014947779082155,
      0.14927689666091842,
      0.0029933806215346093,
      0.013493908147522372,
      0.22974765604027453,
      0.0029933806215346093
    ],
    [
      0.5341688281180543,
      0.16761786671102208,
      0.010909758813306759,
      0.014657932525351986,
      0.2696505820141966,
      0.002995031818068363
    ],
    [
      0.6654341040378826,
      0.11207745828137775,
      0.03510665291033316,
      0.008518687057292435,
      0.17586786899165396,
      0.002995228721460157
    ],
    [
      0.9851924975320835,
      0.0029615004935834165,
      0.0029615004935834165,
      0.0029615004935834165,
      0.0029615004935834165,
      0.0029615004935834165
    ],
    [
      0.5321892747783988,
      0.06672415099598514,
      0.02608155960284471,
      0.009115423805644984,
      0.3628949341547569,
      0.002994656662369425
    ],
    [
      0.6561731007947167,
      0.06874012326330274,
      0.018973283148668994,
      0.007011882807751651,
      0.2461068986056501,
      0.002994711379909915
    ],
    [
      0.4768727749621642,
      0.06500908346279534,
      0.008126466272971962,
      0.005200655204013803,
      0.4417965989720401,
      0.002994421126014743
    ],
    [
      0.6982039870217773,
      0.08610251944666206,
      0.002994074645115035,
      0.007635833389388397,
      0.20206951085194222,
      0.002994074645115035
    ],
    [
      0.725980509276022,
      0.12158043294159178,
      0.0029904630692378356,
      0.01081990514444329,
      0.13563822649946744,
      0.0029904630692378356
    ],
    [
      0.6883478998023161,
      0.1575356057427696,
      0.0029904775854437088,
      0.014013190722557786,
      0.13412234856146918,
      0.0029904775854437088
    ],
    [
      0.598444863992621,
      0.1700558955736394,
      0.010959424738913086,
      0.014770516974710173,
      0.20277411975634477,
      0.0029951789637716946
    ],
    [
      0.7064139210378504,
      0.09704002751101122,
      0.030985945927681478,
      0.007670893102439656,
      0.1548944503989154,
      0.0029947620221019984
    ],
    [
      0.9851924975320835,
      0.0029615004935834165,
      0.0029615004935834165,
      0.0029615004935834165,
      0.0029615004935834165,
      0.0029615004935834165
    ]
  ],
  [
    [
      0.9851924975320835,
      0.0029615004935834165,
      0.0029615004935834165,
      0.0029615004935834165,
      0.0029615004935834165,
      0.0029615004935834165
    ],
    [
      0.6927831270765019,
      0.08882374680401599,
      0.028302167064500883,
      0.007477295194162167,
      0.1796189614545536,
      0.002994702406265448
    ],
    [
      0.6226544023067481,
      0.14414222931374995,
      0.00962215792576077,
      0.01300151535720311,
      0.20758453223331277,
      0.0029951628632253475
    ],
    [
      0.6717151218090139,
      0.14347896904262197,
      0.0029951027096870747,
      0.012775966349296786,
      0.11787359309760455,
      0.05116124699177573
    ],
    [
      0.6813178378755318,
      0.10931213726531662,
      0.002994986451804852,
      0.009736920973328433,
      0.09572103090324545,
      0.1009170865307729
    ],
    [
      0.6509346126771702,
      0.07649750734670488,
      0.00299481019519216,
      0.007037997528862977,
      0.21147648614742925,
      0.05105858610464049
    ],
    [
      0.5087410830944682,
      0.0501385692740562,
      0.0029885599507992705,
      0.00434441016798369,
      0.4307988175618935,
      0.0029885599507992705
    ],
    [
      0.8218896027269735,
      0.05505311626182847,
      0.0029895834805592388,
      0.004464401857809739,
      0.11261371219226993,
      0.0029895834805592388
    ],
    [
      0.7995700571098374,
      0.08137458971636843,
      0.002990039995885297,
      0.0070011333900596,
      0.1060741397919642,
      0.002990039995885297
    ],
    [
      0.6186651206518222,
      0.1295715621426887,
      0.0029911930026689944,
      0.010279403146487759,
      0.2355015280536635,
      0.0029911930026689944
    ],
    [
      0.5360236973885995,
      0.19407100321405835,
      0.0029943135091524977,
      0.013993652701418625,
      0.24992301967761876,
      0.0029943135091524977
    ],
    [
      0.48974673483673764,
      0.17421995686802969,
      0.0029905072586714535,
      0.014334225551946233,
      0.31571806822594367,
      0.0029905072586714535
    ],
    [
      0.45134129272506535,
      0.1367500160679842,
      0.0029892706118394823,
      0.011599121477024854,
      0.39433102850624674,
      0.0029892706118394823
    ],
    [
      0.6166261147616597,
      0.14283008641257836,
      0.0029916026818756643,
      0.01551148824697647,
      0.21904910521503432,
      0.0029916026818756643
    ],
    [
      0.49411575631192456,
      0.20466567119561913,
      0.0029962948968011343,
      0.03249879148833213,
      0.2627271912105221,
      0.0029962948968011343
    ],
    [
      0.3058913638246021,
      0.1743363810953257,
      0.002993633275491388,
      0.05660793327683475,
      0.45717705525225477,
      0.002993633275491388
    ],
    [
      0.6020097267158204,
      0.17514202762525727,
      0.002994036194394112,
      0.022013051075676707,
      0.19484712219445746,
      0.002994036194394112
    ],
    [
      0.7308500290165406,
      0.15329817690980188,
      0.002992654902899198,
      0.011058174713243626,
      0.09880830955461568,
      0.002992654902899198
    ],
    [
      0.6549372994744957,
      0.1605868817433119,
      0.0029927660577186753,
      0.011476721239527596,
      0.1670135654272276,
      0.0029927660577186753
    ],
    [
      0.6193128360214389,
      0.13502244315203646,
      0.00298923998198148,
      0.011608551364240511,
      0.2280776894983212,
      0.00298923998198148
    ],
    [
      0.5389357058820166,
      0.146005188834425,
      0.002988488272180048,
      0.012928741024979167,
      0.2961533877142191,
      0.002988488272180048
    ],
    [
      0.6514764774056311,
      0.1441785940768738,
      0.0029898712621079684,
      0.012546399800978963,
      0.18581878619230022,
      0.0029898712621079684
    ],
    [
      0.6313022005232042,
      0.1444993683340684,
      0.00299134080426654,
      0.011573358259337745,
      0.20664239127485673,
      0.00299134080426654
    ],
    [
      0.3537778348217842,
      0.15463256247416157,
      0.0029926285910064163,
      0.011283819393797188,
      0.4743205261282442,
      0.0029926285910064163
    ],
    [
      0.5739843768241731,
      0.09165997393026919,
      0.0029898698187506897,
      0.013570304387256227,
      0.3148056052208002,
