[
  [
    [
      0.9851924975320835,
      0.0029615004935834165,
      0.0029615004935834165,
      0.0029615004935834165,
      0.0029615004935834165,
      0.0029615004935834165
    ],
    [
      0.9851924975320835,
      0.0029615004935834165,
      0.0029615004935834165,
      0.0029615004935834165,
      0.0029615004935834165,
      0.0029615004935834165
    ],
    [
      0.9851924975320835,
      0.0029615004935834165,
      0.0029615004935834165,
      0.0029615004935834165,
      0.0029615004935834165,
      0.0029615004935834165
    ],
    [
      0.9851924975320835,
      0.0029615004935834165,
      0.0029615004935834165,
      0.0029615004935834165,
      0.0029615004935834165,
      0.0029615004935834165
    ],
    [
      0.9851924975320835,
      0.0029615004935834165,
      0.0029615004935834165,
      0.0029615004935834165,
      0.0029615004935834165,
      0.0029615004935834165
    ],
    [
      0.9851924975320835,
      0.0029615004935834165,
      0.0029615004935834165,
      0.0029615004935834165,
      0.0029615004935834165,
      0.0029615004935834165
    ],
    [
      0.9851924975320835,
      0.0029615004935834165,
      0.0029615004935834165,
      0.0029615004935834165,
      0.0029615004935834165,
      0.0029615004935834165
    ],
    [
      0.9851924975320835,
      0.0029615004935834165,
      0.0029615004935834165,
      0.0029615004935834165,
      0.0029615004935834165,
      0.0029615004935834165
    ],
    [
      0.9851924975320835,
      0.0029615004935834165,
      0.0029615004935834165,
      0.0029615004935834165,
      0.0029615004935834165,
      0.0029615004935834165
    ],
    [
      0.9851924975320835,
      0.0029615004935834165,
      0.0029615004935834165,
      0.0029615004935834165,
      0.0029615004935834165,
      0.0029615004935834165
    ],
    [
      0.9851924975320835,
      0.0029615004935834165,
      0.0029615004935834165,
      0.0029615004935834165,
      0.0029615004935834165,
      0.0029615004935834165
    ],
    [
      0.9851924975320835,
      0.0029615004935834165,
      0.0029615004935834165,
      0.0029615004935834165,
      0.0029615004935834165,
      0.0029615004935834165
    ],
    [
      0.9851924975320835,
      0.0029615004935834165,
      0.0029615004935834165,
      0.0029615004935834165,
      0.0029615004935834165,
      0.0029615004935834165
    ],
    [
      0.9851924975320835,
      0.0029615004935834165,
      0.0029615004935834165,
      0.0029615004935834165,
      0.0029615004935834165,
      0.0029615004935834165
    ],
    [
      0.9851924975320835,
      0.0029615004935834165,
      0.0029615004935834165,
      0.0029615004935834165,
      0.0029615004935834165,
      0.0029615004935834165
    ],
    [
      0.9851924975320835,
      0.0029615004935834165,
      0.0029615004935834165,
      0.0029615004935834165,
      0.0029615004935834165,
      0.0029615004935834165
    ],
    [
      0.9851924975320835,
      0.0029615004935834165,
      0.0029615004935834165,
      0.0029615004935834165,
      0.0029615004935834165,
      0.0029615004935834165
    ],
    [
      0.9851924975320835,
      0.0029615004935834165,
      0.0029615004935834165,
      0.0029615004935834165,
      0.0029615004935834165,
      0.0029615004935834165
    ],
    [
      0.9851924975320835,
      0.0029615004935834165,
      0.0029615004935834165,
      0.0029615004935834165,
      0.0029615004935834165,
      0.0029615004935834165
    ],
    [
      0.9851924975320835,
      0.0029615004935834165,
      0.0029615004935834165,
      0.0029615004935834165,
      0.0029615004935834165,
      0.0029615004935834165
    ],
    [
      0.9851924975320835,
      0.0029615004935834165,
      0.0029615004935834165,
      0.0029615004935834165,
      0.0029615004935834165,
      0.0029615004935834165
    ],
    [
      0.9851924975320835,
      0.0029615004935834165,
      0.0029615004935834165,
      0.0029615004935834165,
      0.0029615004935834165,
      0.0029615004935834165
    ],
    [
      0.9851924975320835,
      0.0029615004935834165,
      0.0029615004935834165,
      0.0029615004935834165,
      0.0029615004935834165,
      0.0029615004935834165
    ],
    [
      0.9851924975320835,
      0.0029615004935834165,
      0.0029615004935834165,
      0.0029615004935834165,
      0.0029615004935834165,
      0.0029615004935834165
    ],
    [
      0.9851924975320835,
      0.0029615004935834165,
      0.0029615004935834165,
      0.0029615004935834165,
      0.0029615004935834165,
      0.0029615004935834165
    ],
    [
      0.9851924975320835,
      0.0029615004935834165,
      0.0029615004935834165,
      0.0029615004935834165,
      0.0029615004935834165,
      0.0029615004935834165
    ],
    [
      0.9851924975320835,
      0.0029615004935834165,
      0.0029615004935834165,
      0.0029615004935834165,
      0.0029615004935834165,
      0.0029615004935834165
    ],
    [
      0.9851924975320835,
      0.0029615004935834165,
      0.0029615004935834165,
      0.0029615004935834165,
      0.0029615004935834165,
      0.0029615004935834165
    ],
    [
      0.9851924975320835,
      0.0029615004935834165,
      0.0029615004935834165,
      0.0029615004935834165,
      0.0029615004935834165,
      0.0029615004935834165
    ],
    [
      0.9851924975320835,
      0.0029615004935834165,
      0.0029615004935834165,
      0.0029615004935834165,
      0.0029615004935834165,
      0.0029615004935834165
    ],
    [
      0.9851924975320835,
      0.0029615004935834165,
      0.0029615004935834165,
      0.0029615004935834165,
      0.0029615004935834165,
      0.0029615004935834165
    ],
    [
      0.9851924975320835,
      0.0029615004935834165,
      0.0029615004935834165,
      0.0029615004935834165,
      0.0029615004935834165,
      0.0029615004935834165
    ],
    [
      0.9851924975320835,
      0.0029615004935834165,
      0.0029615004935834165,
      0.0029615004935834165,
      0.0029615004935834165,
      0.0029615004935834165
    ],
    [
      0.9851924975320835,
      0.0029615004935834165,
      0.0029615004935834165,
      0.0029615004935834165,
      0.0029615004935834165,
      0.0029615004935834165
    ],
    [
      0.9851924975320835,
      0.0029615004935834165,
      0.0029615004935834165,
      0.0029615004935834165,
      0.0029615004935834165,
      0.0029615004935834165
    ],
    [
      0.9851924975320835,
      0.0029615004935834165,
      0.0029615004935834165,
      0.0029615004935834165,
      0.0029615004935834165,
      0.0029615004935834165
    ],
    [
      0.9851924975320835,
      0.0029615004935834165,
      0.0029615004935834165,
      0.0029615004935834165,
      0.0029615004935834165,
      0.0029615004935834165
    ],
    [
      0.9851924975320835,
      0.0029615004935834165,
      0.0029615004935834165,
      0.0029615004935834165,
      0.0029615004935834165,
      0.0029615004935834165
    ],
    [
      0.9851924975320835,
      0.0029615004935834165,
      0.0029615004935834165,
      0.0029615004935834165,
      0.0029615004935834165,
      0.0029615004935834165
    ],
    [
      0.9851924975320835,
      0.0029615004935834165,
      0.0029615004935834165,
      0.0029615004935834165,
      0.0029615004935834165,
      0.0029615004935834165
    ]
  ],
  [
    [
      0.9851924975320835,
      0.0029615004935834165,
      0.0029615004935834165,
      0.0029615004935834165,
      0.0029615004935834165,
      0.0029615004935834165
    ],
    [
      0.9760332597746987,
      0.011312828844885976,
      0.003041483999728159,
      0.002994543580708656,
      0.0036233402192699816,
      0.002994543580708656
    ],
    [
      0.9719634000503542,
      0.014188681069674216,
      0.0035108226422513483,
      0.0029968694936198677,
      0.004343357250480435,
      0.0029968694936198677
    ],
    [
      0.9237579280005589,
      0.014042825459321897,
      0.003360837600180226,
      0.002996659387197409,
      0.05284509016554433,
      0.002996659387197409
    ],
    [
      0.870295157134102,
      0.017235519893606596,
      0.0036004660932976613,
      0.002996157425431489,
      0.1028765420281308,
      0.002996157425431489
    ],
    [
      0.8574457570948595,
      0.02669362245807759,
      0.005019467239132584,
      0.0029948673769108767,
      0.10485141845410861,
      0.0029948673769108767
    ],
    [
      0.8039535562482742,
      0.03374459412656768,
      0.007345862140316475,
      0.002994723283925852,
      0.14896654091699,
      0.002994723283925852
    ],
    [
      0.7601497242092242,
      0.054805238204529136,
      0.015328765578048412,
      0.0038549289303634704,
      0.16286662007026165,
      0.00299472300757314
    ],
    [
      0.8098612270469417,
      0.07170020111808405,
      0.01713073481762171,
      0.0065682897293979645,
      0.09174478246780189,
      0.00299476482015266
    ],
    [
      0.8379487520431249,
      0.07894693170168772,
      0.017091908546560855,
      0.007568750188497767,
      0.055448804180647425,
      0.00299485333948144
    ],
    [
      0.8031785623406299,
      0.07946188481867711,
      0.017066279688125536,
      0.007688632098911684,
      0.08960986317900882,
      0.0029947778746472137
    ],
    [
      0.7736679387156561,
      0.0765136433496551,
      0.01704194677923048,
      0.00745653174473758,
      0.12232523318495098,
      0.002994706225769809
    ],
    [
      0.8145710223811017,
      0.07320488888278687,
      0.017136101199097302,
      0.006662077938900417,
      0.08543112897758273,
      0.002994780620531024
    ],
    [
      0.781454737927556,
      0.06355427765523529,
      0.016405349105971124,
      0.004547710517627884,
      0.13104315653388401,
      0.002994768259725674
    ],
    [
      0.5024205228561748,
      0.0451126434584788,
      0.013359588124811582,
      0.0038990477358419864,
      0.4322137496582562,
      0.002994448166436737
    ],
    [
      0.6334567062350225,
      0.04823231850010292,
      0.014119545228229915,
      0.0034301771912603695,
      0.2977667078974751,
      0.0029945449479091848
    ],
    [
      0.5219372289041587,
      0.02895310998033774,
      0.006285048524626462,
      0.002994574677681021,
      0.43683546323551514,
      0.002994574677681021
    ],
    [
      0.849546583541479,
      0.031179362337503156,
      0.00514854016742259,
      0.002995399063136764,
      0.10813471582732173,
      0.002995399063136764
    ],
    [
      0.9373848548107512,
      0.035413313484312536,
      0.0054295341085076115,
      0.0032729362850803627,
      0.015503599994337619,
      0.0029957613170107783
    ],
    [
      0.9348763444765356,
      0.03664199488630265,
      0.005428956225276473,
      0.0034396982606621556,
      0.016617246556063853,
      0.0029957595951593994
    ],
    [
      0.8946439273441493,
      0.036001193499408925,
      0.005398527468474953,
      0.0034425629119028338,
      0.05751811984592833,
      0.002995668930135687
    ],
    [
      0.8544139453622123,
      0.03536043089834751,
      0.005368100553437017,
      0.0034454273897545577,
      0.09841651752564905,
      0.002995578270599664
    ],
    [
      0.8946439273441493,
      0.036001193499408925,
      0.005398527468474953,
      0.003442562911902834,
      0.05751811984592833,
      0.002995668930135687
    ],
    [
      0.8420695706509674,
      0.03486692852664041,
      0.005147097236852637,
      0.0034394712885746186,
      0.11148136960741745,
      0.0029955626895474905
    ],
    [
      0.5662300725835404,
      0.02831476672372774,
      0.004302319624069537,
      0.0032720724103732193,
      0.39488579480935493,
      0.0029949738489342334
    ],
    [
      0.7567565852578065,
      0.029404868567720028,
      0.004866733522461175,
      0.0029952022022575187,
      0.20298140824749722,
      0.0029952022022575187
    ],
    [
      0.4826979534379299,
      0.020178920224608904,
      0.0038341483546433406,
      0.0029941862524511414,
      0.4873006054779156,
      0.0029941862524511414
    ],
    [
      0.44024679111052445,
      0.012147731131365589,
      0.002993742454832527,
      0.002993742454832527,
      0.5386242503936125,
      0.002993742454832527
    ],
    [
      0.6829507607212091,
      0.011874488880958926,
      0.002995537823889857,
      0.002995537823889857,
      0.29618813692616247,
      0.002995537823889857
    ],
    [
      0.49021592590552127,
      0.010045996369749973,
      0.0029937398091862038,
      0.0029937398091862038,
      0.4907568582971703,
      0.0029937398091862038
    ],
    [
      0.77929962053737,
      0.012787829469813338,
      0.0031312635943862143,
      0.0029960324296368942,
      0.1987892215391566,
      0.0029960324296368942
    ],
    [
      0.8738284332246015,
      0.01642574401876023,
      0.0036364899663565483,
      0.0029960445292804487,
      0.10011724373172083,
      0.0029960445292804487
    ],
    [
      0.8609779958891672,
      0.02588383900258269,
      0.005055422156673484,
      0.0029947545779559436,
      0.1020932337956649,
      0.0029947545779559436
    ],
    [
      0.8549812884631969,
      0.02835358627868384,
      0.005602841962254612,
      0.0029945387664368425,
      0.10507320576299108,
      0.0029945387664368425
    ],
    [
      0.8555586215238499,
      0.02596540859410148,
      0.006188796519293547,
      0.0029944761126756447,
      0.10629822113740393,
      0.0029944761126756447
    ],
    [
      0.9058810979720039,
      0.023894852353012575,
      0.00627404818793752,
      0.0029938026535005447,
      0.05796239618004483,
      0.0029938026535005447
    ],
    [
      0.9576831807231643,
      0.021521445381068396,
      0.005610467334833315,
      0.0029926415157582433,
      0.009199623529417585,
      0.0029926415157582433
    ],
    [
      0.960394163686209,
      0.019892459166063695,
      0.005208491130689536,
      0.0029920121765583765,
      0.008520861663920921,
      0.0029920121765583765
    ],
    [
      0.9658127104044333,
      0.01663654128326295,
      0.0044050457120134055,
      0.002990754291908206,
      0.007164194016474071,
      0.002990754291908206
    ],
    [
      0.9851924975320835,
      0.0029615004935834165,
      0.0029615004935834165,
      0.0029615004935834165,
      0.0029615004935834165,
      0.0029615004935834165
    ]
  ],
  [
    [
      0.9851924975320835,
      0.0029615004935834165,
      0.0029615004935834165,
      0.0029615004935834165,
      0.0029615004935834165,
      0.0029615004935834165
    ],
    [
      0.8749706960516493,
      0.014622283979273377,
      0.003884779246924436,
      0.002996235241330442,
      0.10052977023949204,
      0.002996235241330442
    ],
    [
      0.9126645352855831,
      0.02252558209620017,
      0.004064856355716609,
      0.003073278838331602,
      0.05467255301524262,
      0.00299919440892593
    ],
    [
      0.8600840981696816,
      0.025773841290642044,
      0.0032102592641882755,
      0.003220589832941917,
      0.10471249814779474,
      0.00299871329475156
    ],
    [
      0.563309919784303,
      0.0296912302855368,
      0.0029952855597753987,
      0.0034377601261839424,
      0.39757051868442567,
      0.0029952855597753987
    ],
    [
      0.7393631221264938,
      0.0464813371961218,
      0.0029946483942317743,
      0.0038823511998254197,
      0.20428389268909541,
      0.0029946483942317743
    ],
    [
      0.4698805991158284,
      0.04920662309536562,
      0.00355186137341584,
      0.004092878506417558,
      0.470273306848729,
      0.002994731060243614
    ],
    [
      0.44940881313058306,
      0.07505276588602637,
      0.005537231663685021,
      0.006928741654208363,
      0.4600778461831655,
      0.0029946014823318745
    ],
    [
      0.6903517410347729,
      0.11259935178606204,
      0.006691162461261736,
      0.010057912409134588,
      0.17730466196182154,
      0.0029951703469472723
    ],
    [
      0.6863247525643054,
      0.1396008155848923,
      0.006677442065912169,
      0.012671477076660055,
      0.1517302806862281,
      0.0029952320220021826
    ],
    [
      0.5999812420042748,
      0.14520299799386474,
      0.006617769099838668,
      0.01329455270256983,
      0.23190838372625686,
      0.002995054473195224
    ],
    [
      0.4266080418761833,
      0.13158746367598073,
      0.00647900487104446,
      0.012397591600464103,
      0.41993325637725093,
      0.0029946415990766383
    ],
    [
      0.6885167050724671,
      0.1228848965385268,
      0.0066994433627433165,
      0.010926260874875037,
      0.16797749916658586,
      0.002995194984801947
    ],
    [
      0.7553826953380284,
      0.11783599732693825,
      0.006329541076590875,
      0.010067978266183605,
      0.10738840749476042,
      0.0029953804974984415
    ],
    [
      0.6510957144115734,
      0.10387116928225587,
      0.005791250721111871,
      0.009013843475532192,
      0.2272328547864562,
      0.0029951673230703734
    ],
    [
      0.4082990497514753,
      0.07234152762148041,
      0.004949296489132091,
      0.006753390607128746,
      0.504662174272254,
      0.002994561258529377
    ],
    [
      0.5994372134530224,
      0.05318613942450358,
      0.003433750212413951,
      0.004463377184247801,
      0.33648449734278707,
      0.002995022383025365
    ],
    [
      0.7305331487367066,
      0.053468895186141244,
      0.002994280994056535,
      0.004456337827405775,
      0.20555305626163334,
      0.002994280994056535
    ],
    [
      0.8375711536374877,
      0.07103396328201231,
      0.0029951543191442716,
      0.006425651933230789,
      0.07897892250898086,
      0.0029951543191442716
    ],
    [
      0.8678178061433689,
      0.08003319960237179,
      0.002995334283449778,
      0.007305635277773907,
      0.03885269040958605,
      0.002995334283449778
    ],
    [
      0.7482596281994502,
      0.07960021399306141,
      0.0029948002352913035,
      0.007402894996510902,
      0.15874766234039478,
      0.0029948002352913035
    ],
    [
      0.47125470095829997,
      0.07451265605123056,
      0.0029935444338666547,
      0.007357595149638933,
      0.44088795897309724,
      0.0029935444338666547
    ],
    [
      0.7482596281994502,
      0.07960021399306143,
      0.0029948002352913035,
      0.007402894996510901,
      0.15874766234039475,
      0.0029948002352913035
    ],
    [
      0.8213060985934748,
      0.07913320053456575,
      0.00299481437800412,
      0.00730436678229264,
      0.08626670533365854,
      0.00299481437800412
    ],
    [
      0.7445799655313716,
      0.06923750890823696,
      0.0029941148136032134,
      0.006423420944048154,
      0.1737708749891369,
      0.0029941148136032134
    ],
    [
      0.6840616142437349,
      0.05257382173412399,
      0.002993761454157469,
      0.004455564161602813,
      0.25292147695222345,
      0.002993761454157469
    ],
    [
      0.6525611065200043,
      0.041848607356983696,
      0.00299423492014226,
      0.0037339166328223946,
      0.29586789964990506,
      0.00299423492014226
    ],
    [
      0.6724638952959824,
      0.02301015095836608,
      0.00299748533945583,
      0.0031445767974058294,
      0.2953864062693341,
      0.00299748533945583
    ],
    [
      0.4838699896022733,
      0.016396647797962433,
      0.0029966338314818784,
      0.0029966338314818784,
      0.49074346110531875,
      0.0029966338314818784
    ],
    [
      0.6763970876232972,
      0.01776942595032318,
      0.0029982861509406543,
      0.0029982861509406543,
      0.29683862797355776,
      0.0029982861509406543
    ],
    [
      0.4839651261072401,
      0.016511888088540934,
      0.0029966710825542336,
      0.0029966710825542336,
      0.4905329725565565,
      0.0029966710825542336
    ],
    [
      0.6746499880502874,
      0.02297988515305184,
      0.002997884495972249,
      0.0030711026984364914,
      0.2933032551062797,
      0.002997884495972249
    ],
    [
      0.5246424838153542,
      0.03667951891013402,
      0.0029954547454654136,
      0.0032913521705408098,
      0.42939573561304023,
      0.0029954547454654136
    ],
    [
      0.7382458734752945,
      0.04531164341502053,
      0.005265554179525799,
      0.0036620296811836765,
      0.20451919318699716,
      0.002995706061978402
    ],
    [
      0.5586124672867143,
      0.030602658647123988,
      0.008216616559643312,
      0.0030139638939386294,
      0.39655858154853807,
      0.0029957120640418597
    ],
    [
      0.8476894621137238,
      0.028375117663112365,
      0.008547387465475075,
      0.002994182255178997,
      0.10939966824733098,
      0.002994182255178997
    ],
    [
      0.9851924975320835,
      0.0029615004935834165,
      0.0029615004935834165,
      0.0029615004935834165,
      0.0029615004935834165,
      0.0029615004935834165
    ],
    [
      0.9851924975320835,
      0.0029615004935834165,
      0.0029615004935834165,
      0.0029615004935834165,
      0.0029615004935834165,
      0.0029615004935834165
    ],
    [
      0.9851924975320835,
      0.0029615004935834165,
      0.0029615004935834165,
      0.0029615004935834165,
      0.0029615004935834165,
      0.0029615004935834165
    ],
    [
      0.9851924975320835,
      0.0029615004935834165,
      0.0029615004935834165,
      0.0029615004935834165,
      0.0029615004935834165,
      0.0029615004935834165
    ]
  ],
  [
    [
      0.9851924975320835,
      0.0029615004935834165,
      0.0029615004935834165,
      0.0029615004935834165,
      0.0029615004935834165,
      0.0029615004935834165
    ],
    [
      0.541872058098422,
      0.012970839699844907,
      0.004090593503022875,
      0.0029928227828752885,
      0.4350808631329598,
      0.0029928227828752885
    ],
    [
      0.7122227114812334,
      0.026912233109705246,
      0.005617891690584497,
      0.0030149861850979937,
      0.24923544039451487,
      0.002996737138864161
    ],
    [
      0.7437943440382695,
      0.04077329446092667,
      0.0033719172057984337,
      0.003736621991068648,
      0.20532749539218592,
      0.0029963269117509036
    ],
    [
      0.7832414544519904,
      0.04677573679031815,
      0.0029953929998854456,
      0.00395734270403701,
      0.16003468005388355,
      0.0029953929998854456
    ],
    [
      0.7815693820803709,
      0.0498187434874478,
      0.0029947164452179932,
      0.00403067283993488,
      0.15859176870181052,
      0.0029947164452179932
    ],
    [
      0.6841235623521894,
      0.05497856313896399,
      0.0034968268722103553,
      0.004534714394277153,
      0.2498711225897964,
      0.0029952106525627377
    ],
    [
      0.6887563160363017,
      0.0791671103706394,
      0.005611659304284459,
      0.006986211268440216,
      0.21648355862956659,
      0.0029951443907676833
    ],
    [
      0.6958089873770099,
      0.11323450594426503,
      0.00802902335374837,
      0.009873957776264349,
      0.17005833729904468,
      0.0029951882496677407
    ],
    [
      0.4714698249053065,
      0.13876406479163803,
      0.010516619211888109,
      0.01216630520372792,
      0.36408841740930326,
      0.0029947684781362702
    ],
    [
      0.43933079459642005,
      0.16741869397807535,
      0.00919327599070946,
      0.014371900246852998,
      0.36669058351508865,
      0.002994751672853368
    ],
    [
      0.3183142551079689,
      0.14967051483981986,
      0.0037813160359374703,
      0.013711037676879293,
      0.511528462701766,
      0.0029944136376285806
    ],
    [
      0.5608451581781472,
      0.15438798252263325,
      0.002989908959709868,
      0.01396699125874489,
      0.264820050121055,
      0.002989908959709868
    ],
    [
      0.6818072936893245,
      0.1482960741323055,
      0.0029904133378613447,
      0.013226589688579211,
      0.15068921581406822,
      0.0029904133378613447
    ],
    [
      0.6874255527463222,
      0.11978939126052655,
      0.002990295845404815,
      0.010713512867471539,
      0.17609095143487005,
      0.002990295845404815
    ],
    [
      0.6085862307595025,
      0.08240465857140022,
      0.0029897470291366537,
      0.007604026811101024,
      0.29542558979972317,
      0.0029897470291366537
    ],
    [
      0.3772111089947981,
      0.051463689084341895,
      0.0029886031634157695,
      0.004398590080236254,
      0.5609494055137922,
      0.0029886031634157695
    ],
    [
      0.45748495194032257,
      0.05274642662938496,
      0.0029889641474168016,
      0.004393197157559834,
      0.4793974959778991,
      0.0029889641474168016
    ],
    [
      0.7369901081521648,
      0.08168032583087381,
      0.0029903036182676963,
      0.0073812401997483635,
      0.16796771858067763,
      0.0029903036182676963
    ],
    [
      0.7118334623048934,
      0.10894561591885162,
      0.0029903352742092592,
      0.009779133759493323,
      0.16346111746834324,
      0.0029903352742092592
    ],
    [
      0.5885957731912407,
      0.11554452851309387,
      0.0029898244097203565,
      0.010473265902046953,
      0.2794067835741779,
      0.0029898244097203565
    ],
    [
      0.39982969251627487,
      0.11172857342767971,
      0.002988944625448477,
      0.010405099838202925,
      0.4720587449669456,
      0.002988944625448477
    ],
    [
      0.6884302234823185,
      0.11920561915031928,
      0.0029902861861673675,
      0.010646495250319481,
      0.17573708974470803,
      0.0029902861861673675
    ],
    [
      0.8152368528163625,
      0.11261164379109796,
      0.0029908190461918915,
      0.009956448285678803,
      0.056213417014477185,
      0.0029908190461918915
    ],
    [
      0.7726325589502975,
      0.08290242475033699,
      0.002990472132372965,
      0.007441590074221262,
      0.1310424819603985,
      0.002990472132372965
    ],
    [
      0.45748495194032257,
      0.05274642662938495,
      0.0029889641474168008,
      0.004393197157559835,
      0.4793974959778991,
      0.0029889641474168008
    ],
    [
      0.4778805597601889,
      0.040157010905556074,
      0.002990757843893271,
      0.003434221026238404,
      0.47254669262023036,
      0.002990757843893271
    ],
    [
      0.8171040538701554,
      0.025911975591229642,
      0.0029972621778004546,
      0.0031451476185917096,
      0.14784429856442244,
      0.0029972621778004546
    ],
    [
      0.8686574215469464,
      0.020152332802130614,
      0.002999029284927717,
      0.002999029284927717,
      0.1021931577961399,
      0.002999029284927717
    ],
    [
      0.8686574215469464,
      0.020152332802130614,
      0.002999029284927717,
      0.002999029284927717,
      0.1021931577961399,
      0.002999029284927717
    ],
    [
      0.724126927814855,
      0.019121366932339078,
      0.0029977892602455506,
      0.0029977892602455506,
      0.24775833747206924,
      0.0029977892602455506
    ],
    [
      0.38199763175612605,
      0.022306554330516322,
      0.0029944575809301714,
      0.0031401493265850525,
      0.5865667494249123,
      0.0029944575809301714
    ],
    [
      0.6965984118013326,
      0.04177245206157973,
      0.0032437713339414738,
      0.003661679736770916,
      0.251727750169569,
      0.0029959348968063497
    ],
    [
      0.8351087465482037,
      0.039640059080713615,
      0.008128573131866844,
      0.0031624114064409334,
      0.11096414601172598,
      0.0029960638210490983
    ],
    [
      0.7770261170895203,
      0.04180279688043141,
      0.014294013495895893,
      0.00299370096394554,
      0.1608896706062613,
      0.00299370096394554
    ],
    [
      0.9851924975320835,
      0.0029615004935834165,
      0.0029615004935834165,
      0.0029615004935834165,
      0.0029615004935834165,
      0.0029615004935834165
    ],
    [
      0.8097768850389706,
      0.052588082953076806,
      0.018106320240154593,
      0.0031776360739447394,
      0.1133564759698606,
      0.0029945997239928437
    ],
    [
      0.7972317617496506,
      0.06047098328768963,
      0.020084612967834155,
      0.0036408393137837506,
      0.11557711396014021,
      0.00299468872090191
    ],
    [
      0.8576170578837621,
      0.04843081556125261,
      0.01724133366159203,
      0.002994054143980589,
      0.07072268460543203,
      0.002994054143980589
    ],
    [
      0.9851924975320835,
      0.0029615004935834165,
      0.0029615004935834165,
      0.0029615004935834165,
      0.0029615004935834165,
      0.0029615004935834165
    ]
  ],
  [
    [
      0.9851924975320835,
      0.0029615004935834165,
      0.0029615004935834165,
      0.0029615004935834165,
      0.0029615004935834165,
      0.0029615004935834165
    ],
    [
      0.9851924975320835,
      0.0029615004935834165,
      0.0029615004935834165,
      0.0029615004935834165,
      0.0029615004935834165,
      0.0029615004935834165
    ],
    [
      0.443867515534332,
      0.014729189992114056,
      0.004117293012180739,
      0.0029923317758388758,
      0.5313013379096955,
      0.0029923317758388758
    ],
    [
      0.4821195433426001,
      0.02152451029499908,
      0.004368282999625249,
      0.002993972673949962,
      0.4859997180148758,
      0.002993972673949962
    ],
    [
      0.8519126917140645,
      0.029945832380559124,
      0.005148259379194178,
      0.00299490140308468,
      0.10700341372001299,
      0.00299490140308468
    ],
    [
      0.8519126917140644,
      0.029945832380559118,
      0.0051482593791941774,
      0.0029949014030846797,
      0.10700341372001296,
      0.0029949014030846797
    ],
    [
      0.5621420052823547,
      0.02959337622851578,
      0.006315474244422421,
      0.002994656389066892,
      0.3959598314665734,
      0.002994656389066892
    ],
    [
      0.7922784153519474,
      0.055462876153461994,
      0.015140862601218111,
      0.003923112775663578,
      0.1301999280650891,
      0.0029948050526198864
    ],
    [
      0.8126994762380386,
      0.07354467384342893,
      0.019800428538420366,
      0.006259243707210989,
      0.08470139410854152,
      0.0029947835643595617
    ],
    [
      0.6882390357969551,
      0.09397843530578509,
      0.030814150052007203,
      0.006543111836685175,
      0.17743050207770025,
      0.002994764930867238
    ],
    [
      0.5424857742358493,
      0.11456989594256811,
      0.028627512362972143,
      0.008284060487362022,
      0.303037954168928,
      0.002994802802320579
    ],
    [
      0.348384071968652,
      0.1456122182064293,
      0.006890931487326275,
      0.012984749084099387,
      0.48313354146878984,
      0.0029944877847031958
    ],
    [
      0.435966937873451,
      0.17537374815877643,
      0.0029894558734407696,
      0.015679648754346423,
      0.36700075346654465,
      0.0029894558734407696
    ],
    [
      0.40302918551529465,
      0.1465595720463586,
      0.002989179759759096,
      0.013508815971276669,
      0.43092406694755203,
      0.002989179759759096
    ],
    [
      0.6205942928392648,
      0.11908081065596163,
      0.0029899987269729573,
      0.010776493960301472,
      0.24356840509052632,
      0.0029899987269729573
    ],
    [
      0.4923703230016665,
      0.0809840380143375,
      0.0029892192706416276,
      0.007688410830093633,
      0.41297878961261925,
      0.0029892192706416276
    ],
    [
      0.6879928747202749,
      0.059519444845626324,
      0.00298996481428478,
      0.0049178611593681636,
      0.24158988964616118,
      0.00298996481428478
    ],
    [
      0.7683408514701412,
      0.06080374036793778,
      0.0029903261273197044,
      0.004912528529006005,
      0.15996222737827565,
      0.0029903261273197044
    ],
    [
      0.7424139160159617,
      0.08368759639655098,
      0.002990327273286244,
      0.007547690974115955,
      0.16037014206679887,
      0.002990327273286244
    ],
    [
      0.45065569167768926,
      0.11007245314349902,
      0.0029891629207967046,
      0.010168448036998323,
      0.42312508130022003,
      0.0029891629207967046
    ],
    [
      0.3823867580703009,
      0.13730225336626609,
      0.0029890283184969262,
      0.012705845040604374,
      0.461627086885835,
      0.0029890283184969262
    ],
    [
      0.588507073107177,
      0.15386836130002196,
      0.0029900157498855113,
      0.013839430351192571,
      0.23780510374183747,
      0.0029900157498855113
    ],
    [
      0.7103842985689053,
      0.14951077213064373,
      0.002990538196169951,
      0.013278897679029702,
      0.12084495522908142,
      0.002990538196169951
    ],
    [
      0.7998979954382726,
      0.1223001752725501,
      0.002990803954615006,
      0.01076525589368333,
      0.06105496548626419,
      0.002990803954615006
    ],
    [
      0.8137040103334,
      0.08613217756866896,
      0.002990664325823369,
      0.007668417241641847,
      0.08651406620464248,
      0.002990664325823369
    ],
    [
      0.7239155223524381,
      0.05965224600935808,
      0.002990131482773696,
      0.004838309358218058,
      0.20561365931443853,
      0.002990131482773696
    ],
    [
      0.6519819541121721,
      0.04556439387516214,
      0.0029913208963804963,
      0.003804306214805016,
      0.29266670400509986,
      0.0029913208963804963
    ],
    [
      0.7689495913135516,
      0.02556763975115596,
      0.0029968498259241383,
      0.003144509174174962,
      0.19634456010926934,
      0.0029968498259241383
    ],
    [
      0.9168608273510684,
      0.020496177653888194,
      0.0029994428544895305,
      0.0029994428544895305,
      0.053644666431574846,
      0.0029994428544895305
    ],
    [
      0.9650775295981552,
      0.020840117351920307,
      0.0029998565381305063,
      0.0029998565381305063,
      0.005082783435532977,
      0.0029998565381305063
    ],
    [
      0.7722904772735598,
      0.019464927480551033,
      0.0029982024878528702,
      0.0029982024878528702,
      0.19924998778233063,
      0.0029982024878528702
    ],
    [
      0.38120210776661134,
      0.020478315399214544,
      0.0029964809129517417,
      0.0030680100745421705,
      0.5892586049337285,
      0.0029964809129517417
    ],
    [
      0.7518335178231578,
      0.03017510059810434,
      0.005965156353201598,
      0.0030138249430673512,
      0.2060159983606391,
      0.0029964019218300204
    ],
    [
      0.9392426985011124,
      0.03147577678162345,
      0.008482663337280066,
      0.002994520722856257,
      0.014809819934271684,
      0.002994520722856257
    ],
    [
      0.9851924975320835,
      0.0029615004935834165,
      0.0029615004935834165,
      0.0029615004935834165,
      0.0029615004935834165,
      0.0029615004935834165
    ],
    [
      0.5316026434598797,
      0.05393428508532873,
      0.013825980778538773,
      0.003985311693651653,
      0.39365771259794485,
      0.0029940663846563698
    ],
    [
      0.6074418969999381,
      0.08379048503853644,
      0.01806265650756682,
      0.007371662971310216,
      0.2803384570183837,
      0.002994841464264683
    ],
    [
      0.4476717774838937,
      0.09687552393898534,
      0.013523581301916705,
      0.008940927123344057,
      0.4299935058810359,
      0.0029946842708242654
    ],
    [
      0.7036095667369289,
      0.0677926853394375,
      0.019050053478109643,
      0.006966368359004471,
      0.19958668267094587,
      0.002994643415573753
    ],
    [
      0.9851924975320835,
      0.0029615004935834165,
      0.0029615004935834165,
      0.0029615004935834165,
      0.0029615004935834165,
      0.0029615004935834165
    ]
  ],
  [
    [
      0.9851924975320835,
      0.0029615004935834165,
      0.0029615004935834165,
      0.0029615004935834165,
      0.0029615004935834165,
      0.0029615004935834165
    ],
    [
      0.9851924975320835,
      0.0029615004935834165,
      0.0029615004935834165,
      0.0029615004935834165,
      0.0029615004935834165,
      0.0029615004935834165
    ],
    [
      0.9851924975320835,
      0.0029615004935834165,
      0.0029615004935834165,
      0.0029615004935834165,
      0.0029615004935834165,
      0.0029615004935834165
    ],
    [
      0.9851924975320835,
      0.0029615004935834165,
      0.0029615004935834165,
      0.0029615004935834165,
      0.0029615004935834165,
      0.0029615004935834165
    ],
    [
      0.9851924975320835,
      0.0029615004935834165,
      0.0029615004935834165,
      0.0029615004935834165,
      0.0029615004935834165,
      0.0029615004935834165
    ],
    [
      0.9851924975320835,
      0.0029615004935834165,
      0.0029615004935834165,
      0.0029615004935834165,
      0.0029615004935834165,
      0.0029615004935834165
    ],
    [
      0.9851924975320835,
      0.0029615004935834165,
      0.0029615004935834165,
      0.0029615004935834165,
      0.0029615004935834165,
      0.0029615004935834165
    ],
    [
      0.9851924975320835,
      0.0029615004935834165,
      0.0029615004935834165,
      0.0029615004935834165,
      0.0029615004935834165,
      0.0029615004935834165
    ],
    [
      0.9851924975320835,
      0.0029615004935834165,
      0.0029615004935834165,
      0.0029615004935834165,
      0.0029615004935834165,
      0.0029615004935834165
    ],
    [
      0.9851924975320835,
      0.0029615004935834165,
      0.0029615004935834165,
      0.0029615004935834165,
      0.0029615004935834165,
      0.0029615004935834165
    ],
    [
      0.4895615205278738,
      0.07901440603818179,
      0.018399310311374498,
      0.005640938550312608,
      0.40438954572024166,
      0.0029942788520156954
    ],
    [
      0.6007114812391888,
      0.14672957891109967,
      0.0072807755586685305,
      0.012395541714097937,
      0.22988751455983863,
      0.0029951080171064792
    ],
    [
      0.5807372914765547,
      0.16728466966718997,
      0.0029907401713228947,
      0.014509076683781983,
      0.23148748182982762,
      0.0029907401713228947
    ],
    [
      0.4210215699839134,
      0.143070348925103,
      0.002989485321277636,
      0.012906236936067643,
      0.41702287351236067,
      0.002989485321277636
    ],
    [
      0.6262323554534492,
      0.11486065256832005,
      0.0029898285820526916,
      0.010375795475956398,
      0.24255153933816892,
      0.0029898285820526916
    ],
    [
      0.6533083029796252,
      0.08186470615357425,
      0.0029898083661239116,
      0.007530495661148488,
      0.25131687847340434,
      0.0029898083661239116
    ],
    [
      0.7322616219786787,
      0.05953822654724146,
      0.0029900266004977438,
      0.004923293166940354,
      0.1972968051061441,
      0.0029900266004977438
    ],
    [
      0.858725277732476,
      0.06177541859455133,
      0.0029905409690158965,
      0.00496767513503219,
      0.06855054659990881,
      0.0029905409690158965
    ],
    [
      0.8255409314592145,
      0.08409915085434058,
      0.0029904954433141923,
      0.007510228237318192,
      0.07686869856249831,
      0.0029904954433141923
    ],
    [
      0.6982467770585116,
      0.11760588480467224,
      0.0029901227543988225,
      0.010519239602061898,
      0.16764785302595667,
      0.0029901227543988225
    ],
    [
      0.6280666892894546,
      0.15261292301076343,
      0.0029900397536260833,
      0.013679668628105955,
      0.199660639564424,
      0.0029900397536260833
    ],
    [
      0.5978381089826407,
      0.18058947761525607,
      0.002990140988538902,
      0.01588265570890626,
      0.1997094757161193,
      0.002990140988538902
    ],
    [
      0.6883478998023161,
      0.15753560574276962,
      0.0029904775854437088,
      0.014013190722557786,
      0.13412234856146918,
      0.0029904775854437088
    ],
    [
      0.725980509276022,
      0.12158043294159177,
      0.0029904630692378347,
