[
  [
    [
      0.9851924975320835,
      0.0029615004935834165,
      0.0029615004935834165,
      0.0029615004935834165,
      0.0029615004935834165,
      0.0029615004935834165
    ],
    [
      0.9851924975320835,
      0.0029615004935834165,
      0.0029615004935834165,
      0.0029615004935834165,
      0.0029615004935834165,
      0.0029615004935834165
    ],
    [
      0.9851924975320835,
      0.0029615004935834165,
      0.0029615004935834165,
      0.0029615004935834165,
      0.0029615004935834165,
      0.0029615004935834165
    ],
    [
      0.9851924975320835,
      0.0029615004935834165,
      0.0029615004935834165,
      0.0029615004935834165,
      0.0029615004935834165,
      0.0029615004935834165
    ],
    [
      0.9851924975320835,
      0.0029615004935834165,
      0.0029615004935834165,
      0.0029615004935834165,
      0.0029615004935834165,
      0.0029615004935834165
    ],
    [
      0.9851924975320835,
      0.0029615004935834165,
      0.0029615004935834165,
      0.0029615004935834165,
      0.0029615004935834165,
      0.0029615004935834165
    ],
    [
      0.9851924975320835,
      0.0029615004935834165,
      0.0029615004935834165,
      0.0029615004935834165,
      0.0029615004935834165,
      0.0029615004935834165
    ],
    [
      0.9851924975320835,
      0.0029615004935834165,
      0.0029615004935834165,
      0.0029615004935834165,
      0.0029615004935834165,
      0.0029615004935834165
    ],
    [
      0.9851924975320835,
      0.0029615004935834165,
      0.0029615004935834165,
      0.0029615004935834165,
      0.0029615004935834165,
      0.0029615004935834165
    ],
    [
      0.9851924975320835,
      0.0029615004935834165,
      0.0029615004935834165,
      0.0029615004935834165,
      0.0029615004935834165,
      0.0029615004935834165
    ],
    [
      0.9851924975320835,
      0.0029615004935834165,
      0.0029615004935834165,
      0.0029615004935834165,
      0.0029615004935834165,
      0.0029615004935834165
    ],
    [
      0.9851924975320835,
      0.0029615004935834165,
      0.0029615004935834165,
      0.0029615004935834165,
      0.0029615004935834165,
      0.0029615004935834165
    ],
    [
      0.9851924975320835,
      0.0029615004935834165,
      0.0029615004935834165,
      0.0029615004935834165,
      0.0029615004935834165,
      0.0029615004935834165
    ],
    [
      0.9851924975320835,
      0.0029615004935834165,
      0.0029615004935834165,
      0.0029615004935834165,
      0.0029615004935834165,
      0.0029615004935834165
    ],
    [
      0.9851924975320835,
      0.0029615004935834165,
      0.0029615004935834165,
      0.0029615004935834165,
      0.0029615004935834165,
      0.0029615004935834165
    ],
    [
      0.9851924975320835,
      0.0029615004935834165,
      0.0029615004935834165,
      0.0029615004935834165,
      0.0029615004935834165,
      0.0029615004935834165
    ],
    [
      0.9851924975320835,
      0.0029615004935834165,
      0.0029615004935834165,
      0.0029615004935834165,
      0.0029615004935834165,
      0.0029615004935834165
    ],
    [
      0.9851924975320835,
      0.0029615004935834165,
      0.0029615004935834165,
      0.0029615004935834165,
      0.0029615004935834165,
      0.0029615004935834165
    ],
    [
      0.9851924975320835,
      0.0029615004935834165,
      0.0029615004935834165,
      0.0029615004935834165,
      0.0029615004935834165,
      0.0029615004935834165
    ],
    [
      0.9851924975320835,
      0.0029615004935834165,
      0.0029615004935834165,
      0.0029615004935834165,
      0.0029615004935834165,
      0.0029615004935834165
    ],
    [
      0.9851924975320835,
      0.0029615004935834165,
      0.0029615004935834165,
      0.0029615004935834165,
      0.0029615004935834165,
      0.0029615004935834165
    ],
    [
      0.9851924975320835,
      0.0029615004935834165,
      0.0029615004935834165,
      0.0029615004935834165,
      0.0029615004935834165,
      0.0029615004935834165
    ],
    [
      0.9851924975320835,
      0.0029615004935834165,
      0.0029615004935834165,
      0.0029615004935834165,
      0.0029615004935834165,
      0.0029615004935834165
    ],
    [
      0.9851924975320835,
      0.0029615004935834165,
      0.0029615004935834165,
      0.0029615004935834165,
      0.0029615004935834165,
      0.0029615004935834165
    ],
    [
      0.9851924975320835,
      0.0029615004935834165,
      0.0029615004935834165,
      0.0029615004935834165,
      0.0029615004935834165,
      0.0029615004935834165
    ],
    [
      0.9851924975320835,
      0.0029615004935834165,
      0.0029615004935834165,
      0.0029615004935834165,
      0.0029615004935834165,
      0.0029615004935834165
    ],
    [
      0.9851924975320835,
      0.0029615004935834165,
      0.0029615004935834165,
      0.0029615004935834165,
      0.0029615004935834165,
      0.0029615004935834165
    ],
    [
      0.9851924975320835,
      0.0029615004935834165,
      0.0029615004935834165,
      0.0029615004935834165,
      0.0029615004935834165,
      0.0029615004935834165
    ],
    [
      0.9851924975320835,
      0.0029615004935834165,
      0.0029615004935834165,
      0.0029615004935834165,
      0.0029615004935834165,
      0.0029615004935834165
    ],
    [
      0.9851924975320835,
      0.0029615004935834165,
      0.0029615004935834165,
      0.0029615004935834165,
      0.0029615004935834165,
      0.0029615004935834165
    ],
    [
      0.9851924975320835,
      0.0029615004935834165,
      0.0029615004935834165,
      0.0029615004935834165,
      0.0029615004935834165,
      0.0029615004935834165
    ],
    [
      0.9851924975320835,
      0.0029615004935834165,
      0.0029615004935834165,
      0.0029615004935834165,
      0.0029615004935834165,
      0.0029615004935834165
    ],
    [
      0.9851924975320835,
      0.0029615004935834165,
      0.0029615004935834165,
      0.0029615004935834165,
      0.0029615004935834165,
      0.0029615004935834165
    ],
    [
      0.9851924975320835,
      0.0029615004935834165,
      0.0029615004935834165,
      0.0029615004935834165,
      0.0029615004935834165,
      0.0029615004935834165
    ],
    [
      0.9851924975320835,
      0.0029615004935834165,
      0.0029615004935834165,
      0.0029615004935834165,
      0.0029615004935834165,
      0.0029615004935834165
    ],
    [
      0.9851924975320835,
      0.0029615004935834165,
      0.0029615004935834165,
      0.0029615004935834165,
      0.0029615004935834165,
      0.0029615004935834165
    ],
    [
      0.9851924975320835,
      0.0029615004935834165,
      0.0029615004935834165,
      0.0029615004935834165,
      0.0029615004935834165,
      0.0029615004935834165
    ],
    [
      0.9851924975320835,
      0.0029615004935834165,
      0.0029615004935834165,
      0.0029615004935834165,
      0.0029615004935834165,
      0.0029615004935834165
    ],
    [
      0.9851924975320835,
      0.0029615004935834165,
      0.0029615004935834165,
      0.0029615004935834165,
      0.0029615004935834165,
      0.0029615004935834165
    ],
    [
      0.9851924975320835,
      0.0029615004935834165,
      0.0029615004935834165,
      0.0029615004935834165,
      0.0029615004935834165,
      0.0029615004935834165
    ]
  ],
  [
    [
      0.9851924975320835,
      0.0029615004935834165,
      0.0029615004935834165,
      0.0029615004935834165,
      0.0029615004935834165,
      0.0029615004935834165
    ],
    [
      0.5024051750711049,
      0.01696047722135211,
      0.0038303966326358376,
      0.0029945373586510336,
      0.4708148763576052,
      0.0029945373586510336
    ],
    [
      0.49154838959097363,
      0.04403468965239743,
      0.011804413544740114,
      0.007602460509613449,
      0.4420154164119583,
      0.002994630290317211
    ],
    [
      0.8159473837049545,
      0.05712207466132662,
      0.019425493318557117,
      0.006841140925882241,
      0.0976697377042311,
      0.0029941696850484473
    ],
    [
      0.9130493766020666,
      0.04918766393958575,
      0.01752448539122748,
      0.005352468379899774,
      0.011892227377083878,
      0.0029937783101365426
    ],
    [
      0.9851924975320835,
      0.0029615004935834165,
      0.0029615004935834165,
      0.0029615004935834165,
      0.0029615004935834165,
      0.0029615004935834165
    ],
    [
      0.6129908846258868,
      0.09187703517164811,
      0.03614163916434295,
      0.018501000167196368,
      0.23749608396659017,
      0.0029933569043358375
    ],
    [
      0.6391592130915382,
      0.11671559009431404,
      0.04874128622716328,
      0.023126713323493385,
      0.169263201185093,
      0.0029939960783981192
    ],
    [
      0.4639945435751419,
      0.14548600100647494,
      0.055418764783967955,
      0.026264691627104327,
      0.3058418744147083,
      0.002994124592602696
    ],
    [
      0.6003424980165352,
      0.16787118127667996,
      0.04861388282261857,
      0.02755603620585515,
      0.15262197947161216,
      0.002994422206699058
    ],
    [
      0.6670469489477575,
      0.1645149543985917,
      0.04189268794541819,
      0.027055218318756187,
      0.09649573646441272,
      0.0029944539250635577
    ],
    [
      0.7436128976651958,
      0.13719053488861546,
      0.03727186696041862,
      0.02280553795094229,
      0.05612459706335813,
      0.0029945654714697094
    ],
    [
      0.8356223712173144,
      0.10398220770287508,
      0.024303973204547257,
      0.012539984417300233,
      0.02055679945110563,
      0.0029946640068574506
    ],
    [
      0.8713084484192087,
      0.08287808670496805,
      0.018370718198950167,
      0.008530139201068685,
      0.015917276036070165,
      0.0029953314397341757
    ],
    [
      0.8400090182409534,
      0.04366005353919024,
      0.006903338662938156,
      0.004427552975818841,
      0.10200273066624992,
      0.002997305914849586
    ],
    [
      0.5307835056068188,
      0.02597613640715454,
      0.0035180405913048424,
      0.002996346903201466,
      0.43372962358831885,
      0.002996346903201466
    ],
    [
      0.7667189456318924,
      0.02979849175367853,
      0.0040552656305256115,
      0.003041037907315183,
      0.19338848084253102,
      0.002997778234057339
    ],
    [
      0.9074351699468468,
      0.03181296488491251,
      0.004274497829921521,
      0.0031567019262341567,
      0.05032257188380242,
      0.0029980935282827663
    ],
    [
      0.9540140037008495,
      0.0323698600031033,
      0.004304831909014868,
      0.0031617318654267768,
      0.003151388436003696,
      0.0029981840856019184
    ],
    [
      0.9074351699468468,
      0.03181296488491251,
      0.004274497829921521,
      0.0031567019262341567,
      0.050322571883802424,
      0.0029980935282827663
    ],
    [
      0.7201520731725215,
      0.029241749672993287,
      0.0040249431943981465,
      0.0030360122939372537,
      0.24054753396489714,
      0.002997687701252883
    ],
    [
      0.3436191553331129,
      0.023404395522565923,
      0.0032683408276446124,
      0.0029955815030744404,
      0.6237169453105278,
      0.0029955815030744404
    ],
    [
      0.3901438685184618,
      0.023960688387995907,
      0.00329863538813124,
      0.002995686678806216,
      0.5766054343477988,
      0.002995686678806216
    ],
    [
      0.7667189456318924,
      0.02979849175367853,
      0.0040552656305256115,
      0.003041037907315183,
      0.19338848084253102,
      0.002997778234057339
    ],
    [
      0.9074351699468468,
      0.03181296488491251,
      0.004274497829921521,
      0.0031567019262341567,
      0.05032257188380242,
      0.0029980935282827663
    ],
    [
      0.8598611292233133,
      0.030912076805745297,
      0.004115915997697851,
      0.003051090044793713,
      0.0990618286123778,
      0.002997959316072265
    ],
    [
      0.5778688270700495,
      0.02577439390696883,
      0.0037164382122539105,
      0.0029966271593359502,
      0.38664708649205604,
      0.0029966271593359502
    ],
    [
      0.8662128309884525,
      0.025005844832539155,
      0.004046104441986094,
      0.0029967752347908423,
      0.09874166926744071,
      0.0029967752347908423
    ],
    [
      0.9851924975320835,
      0.0029615004935834165,
      0.0029615004935834165,
      0.0029615004935834165,
      0.0029615004935834165,
      0.0029615004935834165
    ],
    [
      0.9851924975320835,
      0.0029615004935834165,
      0.0029615004935834165,
      0.0029615004935834165,
      0.0029615004935834165,
      0.0029615004935834165
    ],
    [
      0.542066960603114,
      0.01552073861191044,
      0.002993100012355173,
      0.002993100012355173,
      0.4334330007479101,
      0.002993100012355173
    ],
    [
      0.7696829088523015,
      0.025361496439605346,
      0.004144033708515119,
      0.00299715394684882,
      0.19481725310588044,
      0.00299715394684882
    ],
    [
      0.907452309215711,
      0.03088102388766323,
      0.004378368441130915,
      0.0031562387922833227,
      0.05113396207261554,
      0.0029980975905960577
    ],
    [
      0.9540140037008495,
      0.0323698600031033,
      0.004304831909014868,
      0.0031617318654267768,
      0.003151388436003696,
      0.0029981840856019184
    ],
    [
      0.9540140037008495,
      0.0323698600031033,
      0.004304831909014868,
      0.0031617318654267768,
      0.003151388436003696,
      0.0029981840856019184
    ],
    [
      0.9074351699468468,
      0.03181296488491251,
      0.004274497829921521,
      0.0031567019262341567,
      0.050322571883802424,
      0.0029980935282827663
    ],
    [
      0.8608591498472393,
      0.03125610340668801,
      0.00424416558319726,
      0.003151672290881486,
      0.0974909058955601,
      0.002998002976433845
    ],
    [
      0.8138042946189458,
      0.029595390601758694,
      0.004253575478157382,
      0.003095889841252369,
      0.1462529547970889,
      0.0029978946627969272
    ],
    [
      0.5861547057609054,
      0.018817945521033923,
      0.003191854897354956,
      0.0029941776128101804,
      0.38584713859508524,
      0.0029941776128101804
    ],
    [
      0.9851924975320835,
      0.0029615004935834165,
      0.0029615004935834165,
      0.0029615004935834165,
      0.0029615004935834165,
      0.0029615004935834165
    ]
  ],
  [
    [
      0.9851924975320835,
      0.0029615004935834165,
      0.0029615004935834165,
      0.0029615004935834165,
      0.0029615004935834165,
      0.0029615004935834165
    ],
    [
      0.9851924975320835,
      0.0029615004935834165,
      0.0029615004935834165,
      0.0029615004935834165,
      0.0029615004935834165,
      0.0029615004935834165
    ],
    [
      0.9851924975320835,
      0.0029615004935834165,
      0.0029615004935834165,
      0.0029615004935834165,
      0.0029615004935834165,
      0.0029615004935834165
    ],
    [
      0.9851924975320835,
      0.0029615004935834165,
      0.0029615004935834165,
      0.0029615004935834165,
      0.0029615004935834165,
      0.0029615004935834165
    ],
    [
      0.9851924975320835,
      0.0029615004935834165,
      0.0029615004935834165,
      0.0029615004935834165,
      0.0029615004935834165,
      0.0029615004935834165
    ],
    [
      0.9851924975320835,
      0.0029615004935834165,
      0.0029615004935834165,
      0.0029615004935834165,
      0.0029615004935834165,
      0.0029615004935834165
    ],
    [
      0.9851924975320835,
      0.0029615004935834165,
      0.0029615004935834165,
      0.0029615004935834165,
      0.0029615004935834165,
      0.0029615004935834165
    ],
    [
      0.9851924975320835,
      0.0029615004935834165,
      0.0029615004935834165,
      0.0029615004935834165,
      0.0029615004935834165,
      0.0029615004935834165
    ],
    [
      0.35295413295235506,
      0.20515541288917447,
      0.06945078703308495,
      0.031566593895380045,
      0.33787798617879194,
      0.0029950870512135837
    ],
    [
      0.43449160725492,
      0.30037978601662035,
      0.02856104851129222,
      0.03270703751090741,
      0.20086562666254876,
      0.0029948940437113008
    ],
    [
      0.41005340632702447,
      0.277479816233553,
      0.014726437154448007,
      0.0307003966718923,
      0.2640453096765309,
      0.0029946339365512775
    ],
    [
      0.6457753572430938,
      0.2226662622845968,
      0.012893129749384197,
      0.025881597100284426,
      0.08978866262065603,
      0.0029949910019847455
    ],
    [
      0.7646742598165737,
      0.17779452405980523,
      0.009609604191080855,
      0.01892774219920145,
      0.02599869688124986,
      0.002995172852089015
    ],
    [
      0.8044576242048437,
      0.15027638900429152,
      0.006751262241319837,
      0.014803597781329107,
      0.02071529250392514,
      0.002995834264290599
    ],
    [
      0.83528109685251,
      0.09067918075647177,
      0.004354531599654521,
      0.008092544431633406,
      0.05859482768562245,
      0.0029978186741081094
    ],
    [
      0.7173592034535552,
      0.07256057158134879,
      0.0029978943721266633,
      0.006205745351968874,
      0.19787869086887386,
      0.0029978943721266633
    ],
    [
      0.4485200540252846,
      0.0684267311486692,
      0.0029971073422649917,
      0.006500852901496814,
      0.4705581472400196,
      0.0029971073422649917
    ],
    [
      0.7020816690809287,
      0.06949921571427753,
      0.0030497917938622846,
      0.007130630478328035,
      0.21524045027516842,
      0.002998242657435042
    ],
    [
      0.7587363445978283,
      0.06910574994054555,
      0.003094363594550938,
      0.00741207885026239,
      0.15865308712862974,
      0.0029983758881831435
    ],
    [
      0.6655873284693866,
      0.06798970287751667,
      0.00303376651253967,
      0.007401761868112326,
      0.25298924551660207,
      0.0029981947558428666
    ],
    [
      0.2824586986832746,
      0.06428767991217564,
      0.002996554000016736,
      0.007031982610802174,
      0.6402285307937142,
      0.002996554000016736
    ],
    [
      0.22483255573900923,
      0.0643256910917032,
      0.0029958604506318035,
      0.006648993440397288,
      0.6982010388276269,
      0.0029958604506318035
    ],
    [
      0.5041072127929095,
      0.06768322462483292,
      0.002996945880609678,
      0.00668099775591722,
      0.4155346730651211,
      0.002996945880609678
    ],
    [
      0.4485200540252846,
      0.0684267311486692,
      0.0029971073422649917,
      0.006500852901496814,
      0.4705581472400196,
      0.0029971073422649917
    ],
    [
      0.8115716880092981,
      0.07402804364485509,
      0.0030978707103721664,
      0.006317184324702563,
      0.10198682693937641,
      0.002998386371395788
    ],
    [
      0.8195530299217616,
      0.06527585713005536,
      0.003016350843959449,
      0.00538384675377486,
      0.05445541706634455,
      0.052315498284104194
    ],
    [
      0.7431996476315962,
      0.04724339581109047,
      0.0032777447599204074,
      0.0037808831612216646,
      0.10030343722299066,
      0.10219489141318064
    ],
    [
      0.851958605109327,
      0.03604031154939618,
      0.00461747422531877,
      0.003428945378070937,
      0.05147287505079202,
      0.05248178868709515
    ],
    [
      0.9520673741284232,
      0.03342225013361188,
      0.004759501450269951,
      0.0033970707367727733,
      0.003355213556706531,
      0.002998589994215687
    ],
    [
      0.9133195475170992,
      0.025735620071708532,
      0.004140747431037926,
      0.002997052911937993,
      0.050809979156278454,
      0.002997052911937993
    ],
    [
      0.9851924975320835,
      0.0029615004935834165,
      0.0029615004935834165,
      0.0029615004935834165,
      0.0029615004935834165,
      0.0029615004935834165
    ],
    [
      0.5283819121894878,
      0.026860060639931585,
      0.003908949774439006,
      0.0029972835538517434,
      0.4348545102884382,
      0.0029972835538517434
    ],
    [
      0.8453100254081459,
      0.045004560205583584,
      0.003750089330196603,
      0.003344560824211049,
      0.09959151778563943,
      0.0029992464462235456
    ],
    [
      0.9379511982847977,
      0.048744379221802435,
      0.0034348539888976333,
      0.003305708763263539,
      0.00356446608421393,
      0.0029993936570248594
    ],
    [
      0.9379511982847977,
      0.048744379221802435,
      0.0034348539888976333,
      0.003305708763263539,
      0.00356446608421393,
      0.0029993936570248594
    ],
    [
      0.8447597354899323,
      0.0476291838015809,
      0.003374215762995523,
      0.0032956364299640073,
      0.09794201611382708,
      0.0029992124017002905
    ],
    [
      0.5186782949851216,
      0.04372706103019931,
      0.0031620396745555214,
      0.0032603928480622454,
      0.4281736332815179,
      0.0029985781805435207
    ],
    [
      0.7060403632403824,
      0.04350439945266929,
      0.003723253345438286,
      0.003379759816610191,
      0.2403532277019527,
      0.002998996442947141
    ],
    [
      0.8138042946189458,
      0.029595390601758694,
      0.004253575478157381,
      0.003095889841252369,
      0.1462529547970889,
      0.0029978946627969264
    ],
    [
      0.9851924975320835,
      0.0029615004935834165,
      0.0029615004935834165,
      0.0029615004935834165,
      0.0029615004935834165,
      0.0029615004935834165
    ]
  ],
  [
    [
      0.9851924975320835,
      0.0029615004935834165,
      0.0029615004935834165,
      0.0029615004935834165,
      0.0029615004935834165,
      0.0029615004935834165
    ],
    [
      0.9461143830367964,
      0.03311977064904977,
      0.008400717378488336,
      0.003736551609658596,
      0.005632099388352841,
      0.0029964779376540586
    ],
    [
      0.897407502872926,
      0.05950846716125277,
      0.020102610383436286,
      0.006404970823807231,
      0.013581377474511578,
      0.002995071284065946
    ],
    [
      0.9851924975320835,
      0.0029615004935834165,
      0.0029615004935834165,
      0.0029615004935834165,
      0.0029615004935834165,
      0.0029615004935834165
    ],
    [
      0.7045596842329405,
      0.11016512763152242,
      0.041342458695593796,
      0.020280843990315683,
      0.1206576849343228,
      0.002994200515304828
    ],
    [
      0.37731822153944944,
      0.14112611449162174,
      0.04278709527382563,
      0.020247232597056884,
      0.41552729000488675,
      0.002994046093159537
    ],
    [
      0.40619689086805794,
      0.17406203644198984,
      0.041634518618920674,
      0.028559562895401264,
      0.346552953363576,
      0.00299403781205443
    ],
    [
      0.5572464087397635,
      0.21514884748866225,
      0.04046095971752694,
      0.04053968689496619,
      0.1436094217607281,
      0.002994675398353213
    ],
    [
      0.4495350524514512,
      0.2930772376733308,
      0.029596658407326955,
      0.04155820314388108,
      0.18323738996098826,
      0.002995458363021733
    ],
    [
      0.4829548696421063,
      0.3422757523252909,
      0.009875301692765836,
      0.03265931751327868,
      0.12923991176338726,
      0.002994847063170976
    ],
    [
      0.5159277237112673,
      0.3142171772813502,
      0.0029893212128214615,
      0.028969920405532028,
      0.1349065361762077,
      0.0029893212128214615
    ],
    [
      0.5593486394138132,
      0.24147106750592004,
      0.0029895569557943074,
      0.024908458884919986,
      0.16829272028375827,
      0.0029895569557943074
    ],
    [
      0.6499559361879825,
      0.18724125593120247,
      0.002989859596760826,
      0.019619049846498284,
      0.1372040388407952,
      0.002989859596760826
    ],
    [
      0.7441940299502635,
      0.17134733155200743,
      0.0029904863582597145,
      0.017252740003066893,
      0.06122492577814292,
      0.0029904863582597145
    ],
    [
      0.7906111375026593,
      0.16700171080121345,
      0.002991467158235397,
      0.01583517157388219,
      0.020569045805774296,
      0.002991467158235397
    ],
    [
      0.7387563479240336,
      0.16731222817242103,
      0.002991772228286151,
      0.015403027941765943,
      0.07254485150520718,
      0.002991772228286151
    ],
    [
      0.6138780623900845,
      0.1637268299842105,
      0.002991401144753916,
      0.015937455400282432,
      0.20047484993591483,
      0.002991401144753916
    ],
    [
      0.3366894379043888,
      0.15087020491216835,
      0.002990733879669044,
      0.018343892309495947,
      0.4881149971146088,
      0.002990733879669044
    ],
    [
      0.2488417364332687,
      0.14407916350063732,
      0.0029904807801352917,
      0.019594245390876633,
      0.5815038931149468,
      0.0029904807801352917
    ],
    [
      0.20411773544568806,
      0.14817895141781012,
      0.0029902181417808134,
      0.02021023643551916,
      0.6215126404174212,
      0.0029902181417808134
    ],
    [
      0.21473164523181018,
      0.15814388473852883,
      0.002990123047428765,
      0.01958664806344563,
      0.601557575871358,
      0.002990123047428765
    ],
    [
      0.4400118458777145,
      0.1613027114530495,
      0.0029907033252533407,
      0.017339857037486153,
      0.37536417898124325,
      0.0029907033252533407
    ],
    [
      0.347669440779818,
      0.14416383490136528,
      0.002990546543533866,
      0.0178387808902224,
      0.4843468503415268,
      0.002990546543533866
    ],
    [
      0.5646423664836294,
      0.148892024274036,
      0.0029911994804400236,
      0.016130404781578386,
      0.26435280549987616,
      0.0029911994804400236
    ],
    [
      0.6816079185426556,
      0.14605021193187262,
      0.0029957027762152724,
      0.014557583174712025,
      0.10341673723403261,
      0.051371846340512006
    ],
    [
      0.6105346207643296,
      0.11144304493801958,
      0.0029952514949816494,
      0.010729494682074178,
      0.013879930682255836,
      0.2504176574383391
    ],
    [
      0.002961500493583416,
      0.002961500493583416,
      0.002961500493583416,
      0.002961500493583416,
      0.002961500493583416,
      0.985192497532083
    ],
    [
      0.6566146710407373,
      0.03608130682125898,
      0.00299766566738922,
      0.00299766566738922,
      0.049936278373342906,
      0.2513724124298824
    ],
    [
      0.7940037711336561,
      0.045869641775062316,
      0.005191001272475277,
      0.003621826598055029,
      0.09886322441712445,
      0.05245053480362695
    ],
    [
      0.8963860511842808,
      0.037203263630761825,
      0.007299333181957008,
      0.003827916726411818,
      0.05228576298678983,
      0.0029976722897986433
    ],
    [
      0.9851924975320835,
      0.0029615004935834165,
      0.0029615004935834165,
      0.0029615004935834165,
      0.0029615004935834165,
      0.0029615004935834165
    ],
    [
      0.7593017341496178,
      0.041828254491448454,
      0.005375088629362291,
      0.004925388495723743,
      0.18557214858436274,
      0.0029973856494851753
    ],
    [
      0.8198025248672279,
      0.06997271717247064,
      0.0037975618544737605,
      0.00607636251007581,
      0.09735235577925373,
      0.0029984778164981853
    ],
    [
      0.9022073176709591,
      0.07814305262774059,
      0.002996929414650978,
      0.006124845066972799,
      0.007530925805025621,
      0.002996929414650978
    ],
    [
      0.9022073176709591,
      0.07814305262774059,
      0.002996929414650978,
      0.006124845066972799,
      0.007530925805025621,
      0.002996929414650978
    ],
    [
      0.8556237071226573,
      0.07758266626218795,
      0.0029967484570266414,
      0.006119543014374523,
      0.054680586686726915,
      0.0029967484570266414
    ],
    [
      0.6794260067818305,
      0.07439213586380972,
      0.0029961100437178737,
      0.006374502512642667,
      0.23381513475428145,
      0.0029961100437178737
    ],
    [
      0.4151377657624647,
      0.06357856834135397,
      0.0043513257640712885,
      0.006378967246247815,
      0.5075557333371123,
      0.00299763954875004
    ],
    [
      0.8045208433774336,
      0.042495534775240075,
      0.0070155167770809095,
      0.004799225535771122,
      0.13817157785135212,
      0.002997301683122378
    ],
    [
      0.9851924975320835,
      0.0029615004935834165,
      0.0029615004935834165,
      0.0029615004935834165,
      0.0029615004935834165,
      0.0029615004935834165
    ]
  ],
  [
    [
      0.9851924975320835,
      0.0029615004935834165,
      0.0029615004935834165,
      0.0029615004935834165,
      0.0029615004935834165,
      0.0029615004935834165
    ],
    [
      0.8357795589677066,
      0.04445497078932691,
      0.008835235136526294,
      0.004887578108349889,
      0.10304549691301648,
      0.0029971600850738364
    ],
    [
      0.8058134584749004,
      0.09297945627761098,
      0.022161413624143846,
      0.00970277405712217,
      0.06634696099956733,
      0.002995936566655449
    ],
    [
      0.8131046892486955,
      0.11652571052306228,
      0.029310042927637253,
      0.014652595432914355,
      0.023411989755681772,
      0.0029949721120090616
    ],
    [
      0.6364911248621811,
      0.1723070737365035,
      0.040131746653326285,
      0.02634046161391677,
      0.12173468625852531,
      0.0029949068755470813
    ],
    [
      0.3102283479823833,
      0.2583196652532394,
      0.02068411972361229,
      0.029529450128149462,
      0.37824389801405583,
      0.0029945188985597035
    ],
    [
      0.3938417734698878,
      0.29701095796243354,
      0.014375105607426622,
      0.031684175423212134,
      0.2600934065593942,
      0.0029945809776458494
    ],
    [
      0.46223150737714785,
      0.3277613806879802,
      0.011919725558669199,
      0.03478026507836009,
      0.16031245286123125,
      0.0029946684366112357
    ],
    [
      0.534026388142823,
      0.32741773669534086,
      0.006655626607152733,
      0.03257927145695122,
      0.09632636269374,
      0.0029946144039922377
    ],
    [
      0.5708829222280182,
      0.33187416480145737,
      0.0029927703450384,
      0.029640147830386737,
      0.061617224450061125,
      0.0029927703450384
    ],
    [
      0.5244150856698345,
      0.32819165515889814,
      0.002988862385158488,
      0.028755308352662285,
      0.11266022604828821,
      0.002988862385158488
    ],
    [
      0.3518054401212276,
      0.23730212819290272,
      0.002988542808164522,
      0.02350180173495487,
      0.38141354433458574,
      0.002988542808164522
    ],
    [
      0.38163469562743657,
      0.1858426638040898,
      0.0029886763850796427,
      0.02138937827640739,
      0.4051559095219071,
      0.0029886763850796427
    ],
    [
      0.6849255170108685,
      0.18773803116451337,
      0.002989454789883349,
      0.019098656276800817,
      0.10225888596805079,
      0.002989454789883349
    ],
    [
      0.7107463300632398,
      0.2116796502807201,
      0.0029897815594828138,
      0.01956750404764631,
      0.052026952489428284,
      0.0029897815594828138
    ],
    [
      0.5982313551970047,
      0.2541227817895435,
      0.002990006250321427,
      0.021438669854338198,
      0.12022718065847082,
      0.002990006250321427
    ],
    [
      0.5739809365892468,
      0.20997537119958595,
      0.002989538490211304,
      0.019578064953536804,
      0.19048655027720793,
      0.002989538490211304
    ],
    [
      0.4796264112756479,
      0.23516340432389998,
      0.0029896149240787066,
      0.02205607538538589,
      0.25717487916690884,
      0.0029896149240787066
    ],
    [
      0.21546973532426925,
      0.20252209720020967,
      0.0029884583746343117,
      0.024291886403019963,
      0.5517393643232326,
      0.0029884583746343117
    ],
    [
      0.21449251584375834,
      0.2411194143606421,
      0.0029882905057848413,
      0.028103537762786374,
      0.5103079510212436,
      0.0029882905057848413
    ],
    [
      0.44003724772719877,
      0.2601118301222368,
      0.0029888394113686176,
      0.02575399207319688,
      0.2681192512546304,
      0.0029888394113686176
    ],
    [
      0.38221696109763204,
      0.23168204373463175,
      0.0029886661423943763,
      0.024139821235443074,
      0.35598384164750446,
      0.0029886661423943763
    ],
    [
      0.5169703344668313,
      0.17244817685962752,
      0.0029944223114116383,
      0.01925163559166489,
      0.23741308521190538,
      0.05092234555855918
    ],
    [
      0.3615425002034481,
      0.15400438924578888,
      0.00299435644573504,
      0.019295667174625174,
      0.36147758223081206,
      0.10068550469959088
    ],
    [
      0.5354497090878235,
      0.14961174403710192,
      0.0029944645627305064,
      0.015967728617046005,
      0.095675178370402,
      0.200301175324896
    ],
    [
      0.002961500493583416,
      0.002961500493583416,
      0.002961500493583416,
      0.002961500493583416,
      0.002961500493583416,
      0.985192497532083
    ],
    [
      0.002961500493583416,
      0.002961500493583416,
      0.002961500493583416,
      0.002961500493583416,
      0.002961500493583416,
      0.985192497532083
    ],
    [
      0.002961500493583416,
      0.002961500493583416,
      0.002961500493583416,
      0.002961500493583416,
      0.002961500493583416,
      0.985192497532083
    ],
    [
      0.4547747212165553,
      0.04840381899291055,
      0.007247010156416518,
      0.003929690341285227,
      0.3837889084727096,
      0.10185585082012288
    ],
    [
      0.8031027924224092,
      0.06198752559340125,
      0.01851942090340228,
      0.006256660791893698,
      0.10713783147023842,
      0.0029957688186550923
    ],
    [
      0.9851924975320835,
      0.0029615004935834165,
      0.0029615004935834165,
      0.0029615004935834165,
      0.0029615004935834165,
      0.0029615004935834165
    ],
    [
      0.5113647489063431,
      0.07036330536215527,
      0.013163317069662537,
      0.01037520678089851,
      0.3917377233799126,
      0.0029956985010280617
    ],
    [
      0.6574548071627211,
      0.13146888562481576,
      0.007094685330937654,
      0.014256439436578746,
      0.1867289653328968,
      0.0029962171120499407
    ],
    [
      0.7654979075293369,
      0.15202946355825256,
      0.002994729852342715,
      0.015030977923708912,
      0.06145219128401631,
      0.002994729852342715
    ],
    [
      0.8020644330418173,
      0.15708103441494156,
      0.0029919875742860026,
      0.015162761600702073,
      0.019707795793967076,
      0.0029919875742860026
    ],
    [
      0.7656324268290077,
      0.15557079411186744,
      0.0029918921719412623,
      0.015432953242562795,
      0.057380041472679465,
      0.0029918921719412623
    ],
    [
      0.5734452587809501,
      0.14896712003082457,
      0.0029913303195429728,
      0.016507628912997584,
      0.25509733163614184,
      0.0029913303195429728
    ],
    [
      0.2782744303085608,
      0.12505340510316632,
      0.005819374463158421,
      0.017266188150464507,
      0.5705912286289726,
      0.0029953733456775924
    ],
    [
      0.634749491879357,
      0.07596618088054533,
      0.016764408916119206,
      0.009835038478364281,
      0.25968970258638624,
      0.0029951772592280066
    ],
    [
      0.9851924975320835,
      0.0029615004935834165,
      0.0029615004935834165,
      0.0029615004935834165,
      0.0029615004935834165,
      0.0029615004935834165
    ]
  ],
  [
    [
      0.9851924975320835,
      0.0029615004935834165,
      0.0029615004935834165,
      0.0029615004935834165,
      0.0029615004935834165,
      0.0029615004935834165
    ],
    [
      0.5109544814317439,
      0.04713725203187985,
      0.00492194183021191,
      0.005615497475475314,
      0.4283744061360714,
      0.002996421094617699
    ],
    [
      0.6472829941276718,
      0.1369297456889176,
      0.007103088359077825,
      0.014629482628489142,
      0.191058891351394,
      0.0029957978444496956
    ],
    [
      0.728216285013734,
      0.17628482832596434,
      0.009593490621364338,
      0.019198407706360218,
      0.06371186328404149,
      0.0029951250485356767
    ],
    [
      0.669249190652917,
      0.23038397558189774,
      0.009472293506536287,
      0.025507213100271715,
      0.06239231636515664,
      0.0029950107932206864
    ],
    [
      0.5114101729722874,
      0.3051899944666823,
      0.004490466249568982,
      0.029562285808376953,
      0.14635233251985033,
      0.002994747983234113
    ],
    [
      0.2905778973772346,
      0.3584962373485902,
      0.0029888802969740683,
      0.03163994447899042,
      0.3133081602012368,
      0.0029888802969740683
    ],
    [
      0.2754851297056231,
      0.3663431399947004,
      0.0029885797577622938,
      0.03168515142116762,
      0.32050941936298427,
      0.0029885797577622938
    ],
    [
      0.4734358715842649,
      0.32910876260971844,
      0.0029884513339063436,
      0.028212513981802204,
      0.16326594915640177,
      0.0029884513339063436
    ],
    [
      0.5896763154102852,
      0.2950872585760099,
      0.002988554934108794,
      0.026295290847982503,
      0.08296402529750482,
      0.002988554934108794
    ],
    [
      0.6074071098567037,
      0.2822251573909406,
      0.002988563540310676,
      0.025902005269313223,
      0.07848860040242128,
      0.002988563540310676
    ],
    [
      0.575467517478501,
      0.24941364766863028,
      0.002988528976997385,
      0.02473206663796817,
      0.14440971026090602,
      0.002988528976997385
    ],
    [
      0.5464443777661725,
      0.26783493658776175,
      0.0029885985119595692,
      0.025690985985756004,
      0.15405250263639073,
      0.0029885985119595692
    ],
    [
      0.6329047242012927,
      0.2563915011340971,
      0.00298922293110165,
      0.02387130170551922,
      0.0808540270968877,
      0.00298922293110165
    ],
    [
      0.5487151715107815,
      0.3206898398218205,
      0.002990105182910461,
      0.026394457577091992,
      0.09822032072448532,
      0.002990105182910461
    ],
    [
      0.3087231565567712,
      0.30971088721805223,
      0.002989087106351238,
      0.02654356977570418,
      0.34904421223676996,
      0.002989087106351238
    ],
    [
      0.33958947277188023,
      0.2427777978476726,
      0.0029884079917615637,
      0.022018706883857445,
      0.38963720651306677,
      0.0029884079917615637
    ],
    [
      0.5372673982233215,
      0.24798671856076643,
      0.0029888140025463934,
      0.023211782496895567,
      0.18555647271392386,
      0.0029888140025463934
    ],
    [
      0.4758814933831083,
      0.3086387979817329,
      0.002989050109747958,
      0.02774698814319592,
      0.18175462027246705,
      0.002989050109747958
    ],
    [
      0.47884804343619225,
      0.3292752713906467,
      0.0029890943731831886,
      0.029476393410952033,
      0.15642210301584267,
      0.0029890943731831886
    ],
    [
      0.5238155900471034,
      0.31249904293627534,
      0.0029888912334436763,
      0.028240174335341345,
      0.12946741021439265,
      0.0029888912334436763
    ],
    [
      0.5573775525973892,
      0.2528638047580992,
      0.0029889002730351644,
      0.025028185488530755,
      0.15875265660991061,
      0.0029889002730351644
    ],
    [
      0.49579192742117845,
      0.2018038109585788,
      0.002994219489188383,
      0.021051610766886924,
      0.12791889947914298,
      0.1504395318850245
    ],
    [
      0.002961500493583416,
      0.002961500493583416,
      0.002961500493583416,
      0.002961500493583416,
      0.002961500493583416,
      0.985192497532083
    ],
    [
      0.3566231169777285,
