[
  [
    [
      0.9851924975320835,
      0.0029615004935834165,
      0.0029615004935834165,
      0.0029615004935834165,
      0.0029615004935834165,
      0.0029615004935834165
    ],
    [
      0.9851924975320835,
      0.0029615004935834165,
      0.0029615004935834165,
      0.0029615004935834165,
      0.0029615004935834165,
      0.0029615004935834165
    ],
    [
      0.9851924975320835,
      0.0029615004935834165,
      0.0029615004935834165,
      0.0029615004935834165,
      0.0029615004935834165,
      0.0029615004935834165
    ],
    [
      0.9851924975320835,
      0.0029615004935834165,
      0.0029615004935834165,
      0.0029615004935834165,
      0.0029615004935834165,
      0.0029615004935834165
    ],
    [
      0.9851924975320835,
      0.0029615004935834165,
      0.0029615004935834165,
      0.0029615004935834165,
      0.0029615004935834165,
      0.0029615004935834165
    ],
    [
      0.9851924975320835,
      0.0029615004935834165,
      0.0029615004935834165,
      0.0029615004935834165,
      0.0029615004935834165,
      0.0029615004935834165
    ],
    [
      0.9851924975320835,
      0.0029615004935834165,
      0.0029615004935834165,
      0.0029615004935834165,
      0.0029615004935834165,
      0.0029615004935834165
    ],
    [
      0.9851924975320835,
      0.0029615004935834165,
      0.0029615004935834165,
      0.0029615004935834165,
      0.0029615004935834165,
      0.0029615004935834165
    ],
    [
      0.9851924975320835,
      0.0029615004935834165,
      0.0029615004935834165,
      0.0029615004935834165,
      0.0029615004935834165,
      0.0029615004935834165
    ],
    [
      0.9851924975320835,
      0.0029615004935834165,
      0.0029615004935834165,
      0.0029615004935834165,
      0.0029615004935834165,
      0.0029615004935834165
    ],
    [
      0.9851924975320835,
      0.0029615004935834165,
      0.0029615004935834165,
      0.0029615004935834165,
      0.0029615004935834165,
      0.0029615004935834165
    ],
    [
      0.9851924975320835,
      0.0029615004935834165,
      0.0029615004935834165,
      0.0029615004935834165,
      0.0029615004935834165,
      0.0029615004935834165
    ],
    [
      0.9851924975320835,
      0.0029615004935834165,
      0.0029615004935834165,
      0.0029615004935834165,
      0.0029615004935834165,
      0.0029615004935834165
    ],
    [
      0.9851924975320835,
      0.0029615004935834165,
      0.0029615004935834165,
      0.0029615004935834165,
      0.0029615004935834165,
      0.0029615004935834165
    ],
    [
      0.9851924975320835,
      0.0029615004935834165,
      0.0029615004935834165,
      0.0029615004935834165,
      0.0029615004935834165,
      0.0029615004935834165
    ],
    [
      0.9851924975320835,
      0.0029615004935834165,
      0.0029615004935834165,
      0.0029615004935834165,
      0.0029615004935834165,
      0.0029615004935834165
    ],
    [
      0.9851924975320835,
      0.0029615004935834165,
      0.0029615004935834165,
      0.0029615004935834165,
      0.0029615004935834165,
      0.0029615004935834165
    ],
    [
      0.9851924975320835,
      0.0029615004935834165,
      0.0029615004935834165,
      0.0029615004935834165,
      0.0029615004935834165,
      0.0029615004935834165
    ],
    [
      0.9851924975320835,
      0.0029615004935834165,
      0.0029615004935834165,
      0.0029615004935834165,
      0.0029615004935834165,
      0.0029615004935834165
    ],
    [
      0.9851924975320835,
      0.0029615004935834165,
      0.0029615004935834165,
      0.0029615004935834165,
      0.0029615004935834165,
      0.0029615004935834165
    ],
    [
      0.9851924975320835,
      0.0029615004935834165,
      0.0029615004935834165,
      0.0029615004935834165,
      0.0029615004935834165,
      0.0029615004935834165
    ],
    [
      0.9851924975320835,
      0.0029615004935834165,
      0.0029615004935834165,
      0.0029615004935834165,
      0.0029615004935834165,
      0.0029615004935834165
    ],
    [
      0.9851924975320835,
      0.0029615004935834165,
      0.0029615004935834165,
      0.0029615004935834165,
      0.0029615004935834165,
      0.0029615004935834165
    ],
    [
      0.9851924975320835,
      0.0029615004935834165,
      0.0029615004935834165,
      0.0029615004935834165,
      0.0029615004935834165,
      0.0029615004935834165
    ],
    [
      0.9851924975320835,
      0.0029615004935834165,
      0.0029615004935834165,
      0.0029615004935834165,
      0.0029615004935834165,
      0.0029615004935834165
    ],
    [
      0.9851924975320835,
      0.0029615004935834165,
      0.0029615004935834165,
      0.0029615004935834165,
      0.0029615004935834165,
      0.0029615004935834165
    ],
    [
      0.9851924975320835,
      0.0029615004935834165,
      0.0029615004935834165,
      0.0029615004935834165,
      0.0029615004935834165,
      0.0029615004935834165
    ],
    [
      0.9851924975320835,
      0.0029615004935834165,
      0.0029615004935834165,
      0.0029615004935834165,
      0.0029615004935834165,
      0.0029615004935834165
    ],
    [
      0.9851924975320835,
      0.0029615004935834165,
      0.0029615004935834165,
      0.0029615004935834165,
      0.0029615004935834165,
      0.0029615004935834165
    ],
    [
      0.9851924975320835,
      0.0029615004935834165,
      0.0029615004935834165,
      0.0029615004935834165,
      0.0029615004935834165,
      0.0029615004935834165
    ],
    [
      0.9851924975320835,
      0.0029615004935834165,
      0.0029615004935834165,
      0.0029615004935834165,
      0.0029615004935834165,
      0.0029615004935834165
    ],
    [
      0.9851924975320835,
      0.0029615004935834165,
      0.0029615004935834165,
      0.0029615004935834165,
      0.0029615004935834165,
      0.0029615004935834165
    ],
    [
      0.9851924975320835,
      0.0029615004935834165,
      0.0029615004935834165,
      0.0029615004935834165,
      0.0029615004935834165,
      0.0029615004935834165
    ],
    [
      0.9851924975320835,
      0.0029615004935834165,
      0.0029615004935834165,
      0.0029615004935834165,
      0.0029615004935834165,
      0.0029615004935834165
    ],
    [
      0.9851924975320835,
      0.0029615004935834165,
      0.0029615004935834165,
      0.0029615004935834165,
      0.0029615004935834165,
      0.0029615004935834165
    ],
    [
      0.9851924975320835,
      0.0029615004935834165,
      0.0029615004935834165,
      0.0029615004935834165,
      0.0029615004935834165,
      0.0029615004935834165
    ],
    [
      0.9851924975320835,
      0.0029615004935834165,
      0.0029615004935834165,
      0.0029615004935834165,
      0.0029615004935834165,
      0.0029615004935834165
    ],
    [
      0.9851924975320835,
      0.0029615004935834165,
      0.0029615004935834165,
      0.0029615004935834165,
      0.0029615004935834165,
      0.0029615004935834165
    ],
    [
      0.9851924975320835,
      0.0029615004935834165,
      0.0029615004935834165,
      0.0029615004935834165,
      0.0029615004935834165,
      0.0029615004935834165
    ],
    [
      0.9851924975320835,
      0.0029615004935834165,
      0.0029615004935834165,
      0.0029615004935834165,
      0.0029615004935834165,
      0.0029615004935834165
    ]
  ],
  [
    [
      0.9851924975320835,
      0.0029615004935834165,
      0.0029615004935834165,
      0.0029615004935834165,
      0.0029615004935834165,
      0.0029615004935834165
    ],
    [
      0.8240593389304631,
      0.02828913140917067,
      0.003675232710751726,
      0.003670429219826749,
      0.13730922414882585,
      0.002996643580961916
    ],
    [
      0.48023379460332344,
      0.04255609332552214,
      0.0034780257344699497,
      0.005576107547768275,
      0.4651593821816754,
      0.002996596607240753
    ],
    [
      0.7537182798924061,
      0.054287040724870776,
      0.0038074187580797074,
      0.006613530634067568,
      0.17857669174562565,
      0.0029970382449501353
    ],
    [
      0.7537182798924061,
      0.054287040724870776,
      0.003807418758079708,
      0.006613530634067568,
      0.17857669174562565,
      0.0029970382449501353
    ],
    [
      0.4138600782484762,
      0.04996104445945437,
      0.0030683773409426753,
      0.0058992321984721666,
      0.5242150798608742,
      0.002996187891780275
    ],
    [
      0.45032597160368626,
      0.051469259028716186,
      0.003084392448052769,
      0.00562825830584258,
      0.48649588288443546,
      0.0029962357292668248
    ],
    [
      0.8266827866297795,
      0.057304512343849166,
      0.0038394821810095567,
      0.0060714431933618414,
      0.10310464167623258,
      0.0029971339757676107
    ],
    [
      0.7901999506158484,
      0.0557957524388707,
      0.0038234502135078034,
      0.006342491242458685,
      0.14084126937972,
      0.002997086109594431
    ],
    [
      0.47145493390907695,
      0.04991109085864116,
      0.0032410843169202847,
      0.006281005823672121,
      0.4661155205390612,
      0.002996364552628369
    ],
    [
      0.7537182798924061,
      0.054287040724870776,
      0.0038074187580797074,
      0.006613530634067568,
      0.17857669174562565,
      0.0029970382449501353
    ],
    [
      0.8113495269742534,
      0.054237328087040675,
      0.003980218340841768,
      0.006995454745805392,
      0.12044025684596661,
      0.002997215006092246
    ],
    [
      0.7998017837600399,
      0.06038223645845888,
      0.006836261141391763,
      0.007616086517312877,
      0.1223668639798328,
      0.0029967681429637514
    ],
    [
      0.745912027410262,
      0.08613067789932743,
      0.01675761228529406,
      0.01005276145251264,
      0.13815176371484203,
      0.0029951572377619634
    ],
    [
      0.5289005274056875,
      0.08828773988883806,
      0.01504597918927825,
      0.011894540589940553,
      0.3528762153377308,
      0.0029949975885248483
    ],
    [
      0.7708349937857818,
      0.09377476248557524,
      0.01962606200800548,
      0.01040174753020291,
      0.10236767541212369,
      0.0029947587783109297
    ],
    [
      0.7738646685543987,
      0.08949510702647519,
      0.021290029436474758,
      0.010007453424005936,
      0.10234797409107162,
      0.002994767467573751
    ],
    [
      0.5319665585658643,
      0.07821878844827078,
      0.02161540815525399,
      0.011831840204497488,
      0.35337238485627703,
      0.002995019769836469
    ],
    [
      0.7648892849202952,
      0.0849688096702416,
      0.031013008022317944,
      0.012185108159585106,
      0.10394900736242876,
      0.0029947818651314476
    ],
    [
      0.8537724879143658,
      0.08191324917903976,
      0.03082458351773198,
      0.011191446542860537,
      0.019303686554556946,
      0.002994546291444967
    ],
    [
      0.8845260811064792,
      0.06449213218266228,
      0.02410501971542325,
      0.00858363895155035,
      0.015299045699179135,
      0.0029940823447058788
    ],
    [
      0.9851924975320835,
      0.0029615004935834165,
      0.0029615004935834165,
      0.0029615004935834165,
      0.0029615004935834165,
      0.0029615004935834165
    ],
    [
      0.9851924975320835,
      0.0029615004935834165,
      0.0029615004935834165,
      0.0029615004935834165,
      0.0029615004935834165,
      0.0029615004935834165
    ],
    [
      0.9851924975320835,
      0.0029615004935834165,
      0.0029615004935834165,
      0.0029615004935834165,
      0.0029615004935834165,
      0.0029615004935834165
    ],
    [
      0.8589882547494959,
      0.08130828893573978,
      0.027446315960897888,
      0.011089675074216805,
      0.01817308363654942,
      0.00299438164310022
    ],
    [
      0.7678432126554203,
      0.09226601277167124,
      0.022867032412253446,
      0.011127628641297944,
      0.10290134994190364,
      0.002994763577453597
    ],
    [
      0.5491825764879392,
      0.0748003797623623,
      0.0124304091916865,
      0.010570618116440693,
      0.3500203406058021,
      0.0029956758357693528
    ],
    [
      0.854976977426328,
      0.04100743857391787,
      0.0060680230764787605,
      0.005185668943797773,
      0.08976420398712837,
      0.0029976879923493903
    ],
    [
      0.9585445969685299,
      0.02751839543527749,
      0.0046902068466251915,
      0.003175582705985048,
      0.003073310307726089,
      0.0029979077358564523
    ],
    [
      0.9184755924850885,
      0.021348841158755277,
      0.0037346390176644932,
      0.002995360674317281,
      0.05045020598985713,
      0.002995360674317281
    ],
    [
      0.9851924975320835,
      0.0029615004935834165,
      0.0029615004935834165,
      0.0029615004935834165,
      0.0029615004935834165,
      0.0029615004935834165
    ],
    [
      0.8667552401205074,
      0.02517901116390717,
      0.004110409475451935,
      0.002996947640251715,
      0.09796144395963012,
      0.002996947640251715
    ],
    [
      0.8613752475048735,
      0.030496200307771868,
      0.004412160052876862,
      0.003201501450537791,
      0.09751686181472162,
      0.0029980288692185845
    ],
    [
      0.8153325991242174,
      0.02624576813860449,
      0.003973038292971912,
      0.003040089824165882,
      0.1484106111425739,
      0.0029978934774664186
    ],
    [
      0.5376580149741085,
      0.0091831764851817,
      0.002995356929250403,
      0.002995356929250403,
      0.4441727377529587,
      0.002995356929250403
    ],
    [
      0.7888462735322881,
      0.004107516799020353,
      0.0029912705723956086,
      0.0029912705723956086,
      0.1980723979515047,
      0.0029912705723956086
    ],
    [
      0.9851924975320835,
      0.0029615004935834165,
      0.0029615004935834165,
      0.0029615004935834165,
      0.0029615004935834165,
      0.0029615004935834165
    ],
    [
      0.9851924975320835,
      0.0029615004935834165,
      0.0029615004935834165,
      0.0029615004935834165,
      0.0029615004935834165,
      0.0029615004935834165
    ],
    [
      0.9851924975320835,
      0.0029615004935834165,
      0.0029615004935834165,
      0.0029615004935834165,
      0.0029615004935834165,
      0.0029615004935834165
    ],
    [
      0.9851924975320835,
      0.0029615004935834165,
      0.0029615004935834165,
      0.0029615004935834165,
      0.0029615004935834165,
      0.0029615004935834165
    ]
  ],
  [
    [
      0.9851924975320835,
      0.0029615004935834165,
      0.0029615004935834165,
      0.0029615004935834165,
      0.0029615004935834165,
      0.0029615004935834165
    ],
    [
      0.8095811861124442,
      0.047660025477676254,
      0.00413888735363676,
      0.005963912828793654,
      0.12965860549461383,
      0.002997382732835307
    ],
    [
      0.4456295728511366,
      0.118642945157798,
      0.0029953656878607964,
      0.015321232763228741,
      0.4144155178521153,
      0.0029953656878607964
    ],
    [
      0.6117904292332719,
      0.1473648305056581,
      0.0029933222617894483,
      0.01639652152767572,
      0.2184615742098154,
      0.0029933222617894483
    ],
    [
      0.4660356269389385,
      0.14132299258454772,
      0.0029929403484271287,
      0.017477509316265037,
      0.3691779904633946,
      0.0029929403484271287
    ],
    [
      0.5905845278423114,
      0.14889394503977177,
      0.0029927256568088624,
      0.01574154040088715,
      0.23879453540341203,
      0.0029927256568088624
    ],
    [
      0.6634599972822525,
      0.15191493755146987,
      0.0029929165739135013,
      0.015201009016339296,
      0.16343822300211144,
      0.0029929165739135013
    ],
    [
      0.7575824342809192,
      0.15340821055781464,
      0.0029937042726321155,
      0.01531525782555628,
      0.0677066887904456,
      0.0029937042726321155
    ],
    [
      0.6846817805227656,
      0.1503863277284564,
      0.0029935132550234058,
      0.01585592417240916,
      0.143088941066322,
      0.0029935132550234058
    ],
    [
      0.41901857615082216,
      0.1405780380911184,
      0.0029925466482365994,
      0.017420107543324632,
      0.41699818491826174,
      0.0029925466482365994
    ],
    [
      0.6117904292332719,
      0.1473648305056581,
      0.0029933222617894483,
      0.01639652152767572,
      0.2184615742098154,
      0.0029933222617894483
    ],
    [
      0.4037544750967865,
      0.13753710899959867,
      0.0029930477057878067,
      0.01834558717827512,
      0.43437673331376414,
      0.0029930477057878067
    ],
    [
      0.32544615364939605,
      0.13769926679311864,
      0.0035496978483409805,
      0.019211704181538423,
      0.5110979305595017,
      0.0029952469681042712
    ],
    [
      0.5288072498764659,
      0.15347806458130195,
      0.005752800342196647,
      0.018184457850098267,
      0.29078225226485443,
      0.0029951750850827938
    ],
    [
      0.5570797825687984,
      0.1626149532596389,
      0.006447969957289471,
      0.01814598679299819,
      0.2527162214688016,
      0.0029950859524734315
    ],
    [
      0.6314958709113436,
      0.17184396549931158,
      0.007224623203712037,
      0.017966603051877236,
      0.16847385217851774,
      0.00299508515523795
    ],
    [
      0.6693581878730387,
      0.1627052247025565,
      0.013686389049559121,
      0.017058331042383464,
      0.13419671791528803,
      0.0029951494171740617
    ],
    [
      0.6554727496128838,
      0.11616181934817305,
      0.032462998476213964,
      0.014862456540345554,
      0.1780448585119007,
      0.002995117510483119
    ],
    [
      0.715918079043922,
      0.11197983744361126,
      0.04596867578635147,
      0.02063901876064058,
      0.10249956953562261,
      0.0029948194298521588
    ],
    [
      0.8028487293288563,
      0.10526384580278522,
      0.04362581094731125,
      0.020296154478576606,
      0.024970948701586202,
      0.002994510740884531
    ],
    [
      0.9851924975320835,
      0.0029615004935834165,
      0.0029615004935834165,
      0.0029615004935834165,
      0.0029615004935834165,
      0.0029615004935834165
    ],
    [
      0.8220800212591769,
      0.09297944269991487,
      0.03885360046649642,
      0.01909494467953628,
      0.023997956844110584,
      0.0029940340507648997
    ],
    [
      0.9851924975320835,
      0.0029615004935834165,
      0.0029615004935834165,
      0.0029615004935834165,
      0.0029615004935834165,
      0.0029615004935834165
    ],
    [
      0.7954858635209618,
      0.11144981476485719,
      0.042007403446413794,
      0.02185337262591755,
      0.026209215263484787,
      0.0029943303783648086
    ],
    [
      0.7106292503401201,
      0.15037550008611067,
      0.0421451652614427,
      0.025315720093469184,
      0.06853933553974827,
      0.0029950286791091997
    ],
    [
      0.6217875548977141,
      0.15720465626232275,
      0.014625074547132275,
      0.01911318436290161,
      0.18427433608504082,
      0.002995193844888566
    ],
    [
      0.5754916283608533,
      0.12695158625221692,
      0.007487840292039899,
      0.014621248464658012,
      0.2724515620141651,
      0.002996134616066714
    ],
    [
      0.7445768313894638,
      0.0523490135522302,
      0.006502185092157119,
      0.006337490386819124,
      0.1872361088884494,
      0.00299837069088044
    ],
    [
      0.9090018850872956,
      0.028601193544615378,
      0.004882379939105191,
      0.0033057336896594684,
      0.051210632464129255,
      0.0029981752751952
    ],
    [
      0.9851924975320835,
      0.0029615004935834165,
      0.0029615004935834165,
      0.0029615004935834165,
      0.0029615004935834165,
      0.0029615004935834165
    ],
    [
      0.5794956489612795,
      0.023499058837550945,
      0.004220815701836049,
      0.002997152361984025,
      0.3867901717753655,
      0.002997152361984025
    ],
    [
      0.7602867900090992,
      0.03371517204631091,
      0.005251300183452651,
      0.0036972511319267394,
      0.19405051657880246,
      0.002998970050408251
    ],
    [
      0.5683349993338942,
      0.039724453268578014,
      0.004200524746316816,
      0.0035644869005371426,
      0.3811767115510979,
      0.002998824199575911
    ],
    [
      0.805813418887764,
      0.03702756487186951,
      0.0037572327227306033,
      0.0033735073869531848,
      0.14702901343972746,
      0.002999262690955391
    ],
    [
      0.777762879994959,
      0.013581536056064375,
      0.0031559671431007634,
      0.0029989205090400275,
      0.19950177578779596,
      0.0029989205090400275
    ],
    [
      0.5437394814304034,
      0.0037094105128819607,
      0.002992988677423832,
      0.002992988677423832,
      0.44357214202444306,
      0.002992988677423832
    ],
    [
      0.9851924975320835,
      0.0029615004935834165,
      0.0029615004935834165,
      0.0029615004935834165,
      0.0029615004935834165,
      0.0029615004935834165
    ],
    [
      0.9851924975320835,
      0.0029615004935834165,
      0.0029615004935834165,
      0.0029615004935834165,
      0.0029615004935834165,
      0.0029615004935834165
    ],
    [
      0.9841384199807365,
      0.003923918630519172,
      0.0029844153471861113,
      0.0029844153471861113,
      0.0029844153471861113,
      0.0029844153471861113
    ],
    [
      0.9851924975320835,
      0.0029615004935834165,
      0.0029615004935834165,
      0.0029615004935834165,
      0.0029615004935834165,
      0.0029615004935834165
    ]
  ],
  [
    [
      0.9851924975320835,
      0.0029615004935834165,
      0.0029615004935834165,
      0.0029615004935834165,
      0.0029615004935834165,
      0.0029615004935834165
    ],
    [
      0.8478342698328707,
      0.05574612799018779,
      0.003996253501682042,
      0.006724405468350803,
      0.08270168033052594,
      0.0029972628763827334
    ],
    [
      0.6588450352752157,
      0.14811087120668912,
      0.0029937161660996852,
      0.01645380348192654,
      0.17060285770396938,
      0.0029937161660996852
    ],
    [
      0.6245656820775284,
      0.18125729191719028,
      0.0029899599841713546,
      0.019193211090961414,
      0.1690038949459772,
      0.0029899599841713546
    ],
    [
      0.6222031955128928,
      0.1880509833335523,
      0.002989942461301934,
      0.019532767325571868,
      0.16423316890537928,
      0.002989942461301934
    ],
    [
      0.685970850738517,
      0.19277364461430227,
      0.0029901063025623725,
      0.01983790707485299,
      0.09543738496720292,
      0.0029901063025623725
    ],
    [
      0.7223785712357513,
      0.19428416899936804,
      0.002990201591047401,
      0.019568017093071138,
      0.05778883948971471,
      0.002990201591047401
    ],
    [
      0.6912111937899277,
      0.19390366948998874,
      0.0029901182748202026,
      0.019387816138621672,
      0.0895170840318217,
      0.0029901182748202026
    ],
    [
      0.685970850738517,
      0.19277364461430227,
      0.0029901063025623725,
      0.019837907074852994,
      0.09543738496720292,
      0.0029901063025623725
    ],
    [
      0.6824091781063971,
      0.19030759582887502,
      0.002990050092376455,
      0.02014288643946068,
      0.10116023944051428,
      0.002990050092376455
    ],
    [
      0.6891453799645757,
      0.1851184141519303,
      0.0029899747287762436,
      0.01950173880599099,
      0.10025451761995065,
      0.0029899747287762436
    ],
    [
      0.5883771211289899,
      0.17421863075115018,
      0.0029896709104793202,
      0.0194643983401496,
      0.21196050795875176,
      0.0029896709104793202
    ],
    [
      0.2627707010480035,
      0.15828679038310783,
      0.002988837513652552,
      0.021511618962546223,
      0.5514532145790375,
      0.002988837513652552
    ],
    [
      0.2249012164920888,
      0.15694572898763962,
      0.0029887528897367187,
      0.021751357551734435,
      0.5904241911890639,
      0.0029887528897367187
    ],
    [
      0.2999250762628957,
      0.16668574839514075,
      0.004026112086971106,
      0.021815666325602674,
      0.5045529393139495,
      0.0029944576154404194
    ],
    [
      0.4040232437250047,
      0.19889903697559064,
      0.009991657174374977,
      0.022911411977607554,
      0.36118007304771693,
      0.002994577099705322
    ],
    [
      0.5878950166170359,
      0.19574262854890093,
      0.021190750624711624,
      0.02390050006449569,
      0.16827626110191543,
      0.002994843042940533
    ],
    [
      0.5009229551035465,
      0.12807980764843202,
      0.04173410949470275,
      0.018037326423271917,
      0.3082314814052606,
      0.0029943199247863444
    ],
    [
      0.9851924975320835,
      0.0029615004935834165,
      0.0029615004935834165,
      0.0029615004935834165,
      0.0029615004935834165,
      0.0029615004935834165
    ],
    [
      0.9851924975320835,
      0.0029615004935834165,
      0.0029615004935834165,
      0.0029615004935834165,
      0.0029615004935834165,
      0.0029615004935834165
    ],
    [
      0.6876774292882527,
      0.1288187406921324,
      0.06982978553379598,
      0.026465058500052017,
      0.08421393993184562,
      0.0029950460539212055
    ],
    [
      0.716669465379715,
      0.13073159945403853,
      0.05976194339902573,
      0.027791715947854123,
      0.0620505732789171,
      0.0029947025404495364
    ],
    [
      0.9851924975320835,
      0.0029615004935834165,
      0.0029615004935834165,
      0.0029615004935834165,
      0.0029615004935834165,
      0.0029615004935834165
    ],
    [
      0.7434659077829179,
      0.14053677745528048,
      0.047270044858283185,
      0.02645114469622893,
      0.039281611880379236,
      0.0029945133269102587
    ],
    [
      0.642551852940973,
      0.18782155108550422,
      0.02835997317545904,
      0.027187425359509333,
      0.11108422442453848,
      0.0029949730140159912
    ],
    [
      0.4008621136127577,
      0.1501326254271995,
      0.01415749798081795,
      0.020950639835377406,
      0.4109022470448975,
      0.0029948760989500314
    ],
    [
      0.3513465459327537,
      0.09354422295110335,
      0.01402266621036333,
      0.013278731175738226,
      0.5248120270676194,
      0.002995806662422079
    ],
    [
      0.46704564117560365,
      0.04132286956155933,
      0.008167564551742066,
      0.0053635471599302225,
      0.4751040348736181,
      0.00299634267754666
    ],
    [
      0.9851924975320835,
      0.0029615004935834165,
      0.0029615004935834165,
      0.0029615004935834165,
      0.0029615004935834165,
      0.0029615004935834165
    ],
    [
      0.8858733218207974,
      0.04090075960940856,
      0.010595174238965312,
      0.004548310113710011,
      0.05508515310755009,
      0.002997281109568763
    ],
    [
      0.839634701652308,
      0.040723118133419126,
      0.00964708372694815,
      0.004553589817943806,
      0.10244335469932953,
      0.0029981519700513944
    ],
    [
      0.8511766546336691,
      0.035504530892430226,
      0.006686249955471215,
      0.003932676697288377,
      0.09970129263880913,
      0.002998595182331916
    ],
    [
      0.8564241787786276,
      0.03412081743407022,
      0.004985511499101138,
      0.0035725367391034285,
      0.09789816664997705,
      0.0029987888991205697
    ],
    [
      0.9106231553355834,
      0.028503323194127714,
      0.004260644009902784,
      0.0032265088458789805,
      0.050387859761195974,
      0.002998508853311065
    ],
    [
      0.9273697927764485,
      0.012057187496694967,
      0.002995783037892046,
      0.002995783037892046,
      0.05158567061318039,
      0.002995783037892046
    ],
    [
      0.9851924975320835,
      0.0029615004935834165,
      0.0029615004935834165,
      0.0029615004935834165,
      0.0029615004935834165,
      0.0029615004935834165
    ],
    [
      0.9311354246343478,
      0.008773016883829097,
      0.002992354689443897,
      0.002992354689443897,
      0.05111449441349144,
      0.002992354689443897
    ],
    [
      0.9851924975320835,
      0.0029615004935834165,
      0.0029615004935834165,
      0.0029615004935834165,
      0.0029615004935834165,
      0.0029615004935834165
    ],
    [
      0.9805087540221028,
      0.007535111066382537,
      0.0029890337278787272,
      0.0029890337278787272,
      0.0029890337278787272,
      0.0029890337278787272
    ],
    [
      0.9851924975320835,
      0.0029615004935834165,
      0.0029615004935834165,
      0.0029615004935834165,
      0.0029615004935834165,
      0.0029615004935834165
    ]
  ],
  [
    [
      0.9851924975320835,
      0.0029615004935834165,
      0.0029615004935834165,
      0.0029615004935834165,
      0.0029615004935834165,
      0.0029615004935834165
    ],
    [
      0.8478342698328707,
      0.05574612799018779,
      0.003996253501682041,
      0.006724405468350803,
      0.08270168033052594,
      0.0029972628763827334
    ],
    [
      0.5130650505049006,
      0.14206814311656935,
      0.0029933341522218803,
      0.017534926194776135,
      0.32134521187931014,
      0.0029933341522218803
    ],
    [
      0.6222031955128928,
      0.1880509833335523,
      0.002989942461301934,
      0.019532767325571868,
      0.16423316890537928,
      0.002989942461301934
    ],
    [
      0.4654578058444284,
      0.22087344817995389,
      0.002989469635124213,
      0.02202209006951421,
      0.28566771663585505,
      0.002989469635124213
    ],
    [
      0.6318310723288253,
      0.23919604069814032,
      0.0029898928293191043,
      0.02461297696569445,
      0.09838012434870182,
      0.0029898928293191043
    ],
    [
      0.6272436578887258,
      0.24296611197243215,
      0.0029898766719429603,
      0.024775451605612012,
      0.09903502518934407,
      0.0029898766719429603
    ],
    [
      0.44030165662106446,
      0.24067554437026814,
      0.0029893769528223247,
      0.02369364358057083,
      0.289350401522452,
      0.0029893769528223247
    ],
    [
      0.6272436578887258,
      0.24296611197243212,
      0.0029898766719429603,
      0.024775451605612012,
      0.09903502518934407,
      0.0029898766719429603
    ],
    [
      0.6991946365459414,
      0.23594944955071526,
      0.0029899267342409497,
      0.024538139009378485,
      0.034337921425483225,
      0.0029899267342409497
    ],
    [
      0.7352860285886567,
      0.20749539394047958,
      0.002989556083133227,
      0.021709130427407953,
      0.029530334877189347,
      0.002989556083133227
    ],
    [
      0.7422929000409105,
      0.1730397299823384,
      0.002989475369570648,
      0.01787234512764931,
      0.0608160741099605,
      0.002989475369570648
    ],
    [
      0.6038582904403083,
      0.1597878525715483,
      0.0029891549011738733,
      0.01783923806011509,
      0.21253630912568072,
      0.0029891549011738733
    ],
    [
      0.3402137011761785,
      0.15023312979856324,
      0.002988551932291293,
      0.019548001444963388,
      0.48402806371571233,
      0.002988551932291293
    ],
    [
      0.561966538347233,
      0.15851332021827205,
      0.009809175198270697,
      0.020022403907254863,
      0.2466940310782401,
      0.002994531250729305
    ],
    [
      0.6531300488189906,
      0.15140209554686804,
      0.036066333145623096,
      0.024884267329360815,
      0.13152269373299727,
      0.0029945614261601356
    ],
    [
      0.682717312946151,
      0.14161785940516433,
      0.0433190399691152,
      0.02485496754357961,
      0.10449648765137329,
      0.0029943324846164383
    ],
    [
      0.717946237910126,
      0.1138166709133149,
      0.04027252888813822,
      0.02165201833737674,
      0.10331861036635699,
      0.0029939335846871566
    ],
    [
      0.9851924975320835,
      0.0029615004935834165,
      0.0029615004935834165,
      0.0029615004935834165,
      0.0029615004935834165,
      0.0029615004935834165
    ],
    [
      0.9851924975320835,
      0.0029615004935834165,
      0.0029615004935834165,
      0.0029615004935834165,
      0.0029615004935834165,
      0.0029615004935834165
    ],
    [
      0.46548379888646113,
      0.14179778299977264,
      0.13060283331320482,
      0.030721922161931346,
      0.2283964328781861,
      0.0029972297604439675
    ],
    [
      0.6483530140521575,
      0.14050326357489656,
      0.06954092283464672,
      0.03486816610002359,
      0.10373944838916865,
      0.002995185049106954
    ],
    [
      0.9851924975320835,
      0.0029615004935834165,
      0.0029615004935834165,
      0.0029615004935834165,
      0.0029615004935834165,
      0.0029615004935834165
    ],
    [
      0.8000890862474825,
      0.10646048149470354,
      0.037937379166981526,
      0.020562516084049912,
      0.0319566294140011,
      0.002993907592781448
    ],
    [
      0.7525016692050109,
      0.12072718361466411,
      0.036978222029801694,
      0.02147407829356333,
      0.06532451205857502,
      0.0029943347983848938
    ],
    [
      0.7286206653273842,
      0.09406586125238012,
      0.02443606805453315,
      0.012572298230988599,
      0.1373105373004694,
      0.002994569834244527
    ],
    [
      0.7187232150705807,
      0.06586121433829964,
      0.01965261796884048,
      0.008132351250447967,
      0.18463606532115578,
      0.002994536050675619
    ],
    [
      0.9851924975320835,
      0.0029615004935834165,
      0.0029615004935834165,
      0.0029615004935834165,
      0.0029615004935834165,
      0.0029615004935834165
    ],
    [
      0.8610992049717459,
      0.05208307516178145,
      0.01800548005845458,
      0.005668170416670811,
      0.06014964532083198,
      0.002994424070515401
    ],
    [
      0.8891621555684708,
      0.06439277807517946,
      0.021817018025818636,
      0.006900874035625683,
      0.014731946978625055,
      0.0029952273162804194
    ],
    [
      0.9031849472657032,
      0.0564379166431701,
      0.01867649250505842,
      0.006094763542839877,
      0.01261058559720159,
      0.0029952944460268673
    ],
    [
      0.9851924975320835,
      0.0029615004935834165,
      0.0029615004935834165,
      0.0029615004935834165,
      0.0029615004935834165,
      0.0029615004935834165
    ],
    [
      0.9651219519429447,
      0.022067804792721767,
      0.0038274518059743527,
      0.00299426381945307,
      0.00299426381945307,
      0.00299426381945307
    ],
    [
      0.9851924975320835,
      0.0029615004935834165,
      0.0029615004935834165,
      0.0029615004935834165,
      0.0029615004935834165,
      0.0029615004935834165
    ],
    [
      0.9851924975320835,
      0.0029615004935834165,
      0.0029615004935834165,
      0.0029615004935834165,
      0.0029615004935834165,
      0.0029615004935834165
    ],
    [
      0.8677889126092704,
      0.023152944087896643,
      0.004188846966784549,
      0.0029975602256756047,
      0.09887417588469738,
      0.0029975602256756047
    ],
    [
      0.9148970099792598,
      0.023882448869255966,
      0.004283475982925591,
      0.003009940316229054,
      0.050929323193738184,
      0.00299780165859122
    ],
    [
      0.9851924975320835,
      0.0029615004935834165,
      0.0029615004935834165,
      0.0029615004935834165,
      0.0029615004935834165,
      0.0029615004935834165
    ],
    [
      0.9683442379615327,
      0.019159981216792684,
      0.0035148276283383417,
      0.0029936510644454346,
      0.0029936510644454346,
      0.0029936510644454346
    ],
    [
      0.9851924975320835,
      0.0029615004935834165,
      0.0029615004935834165,
      0.0029615004935834165,
      0.0029615004935834165,
      0.0029615004935834165
    ]
  ],
  [
    [
      0.9851924975320835,
      0.0029615004935834165,
      0.0029615004935834165,
      0.0029615004935834165,
      0.0029615004935834165,
      0.0029615004935834165
    ],
    [
      0.8478342698328707,
      0.05574612799018779,
      0.003996253501682042,
      0.006724405468350803,
      0.08270168033052594,
      0.0029972628763827334
    ],
    [
      0.6588450352752157,
      0.14811087120668912,
      0.0029937161660996852,
      0.01645380348192654,
      0.17060285770396938,
      0.0029937161660996852
    ],
    [
      0.6495654505704471,
      0.19126321649765807,
      0.0029900110201502503,
      0.02010777985606345,
      0.13308353103553106,
      0.0029900110201502503
    ],
    [
      0.6318310723288253,
      0.2391960406981403,
      0.0029898928293191043,
      0.024612976965694446,
      0.0983801243487018,
      0.0029898928293191043
    ],
    [
      0.598550543052227,
      0.2912885570972163,
      0.0029897375542122196,
      0.028070226190733367,
      0.07611119855139914,
      0.0029897375542122196
    ],
    [
      0.578058953740322,
      0.30796873393765656,
      0.002989653043972002,
      0.02870396865920194,
      0.07928903757487557,
      0.002989653043972002
    ],
    [
      0.5435362821356869,
      0.3102707746769684,
      0.002989551737804929,
      0.028596746564346794,
      0.11161709314738821,
      0.002989551737804929
    ],
    [
      0.578058953740322,
      0.3079687339376566,
      0.0029896530439720024,
      0.028703968659201943,
      0.07928903757487558,
      0.0029896530439720024
    ],
    [
      0.6364279910354443,
      0.28632239661642545,
      0.002989643937346587,
      0.02766982190744508,
      0.043600502565991975,
      0.002989643937346587
    ],
    [
      0.7193188912489744,
      0.21983484215178528,
      0.0029893452549176764,
      0.022826787939162634,
      0.03204078815024226,
      0.0029893452549176764
    ],
    [
      0.7422535725029854,
      0.1709583848940933,
      0.0029892612094887046,
      0.017683599826859842,
      0.06312592035708417,
      0.0029892612094887046
    ],
    [
      0.6808072254709812,
      0.15671003473831283,
      0.0029890794313392074,
      0.01657409691128682,
      0.13993048401674077,
      0.0029890794313392074
    ],
    [
      0.686335861466647,
      0.15254516294785764,
      0.0029930176887665917,
      0.01622390570132758,
      0.13890903450663458,
      0.0029930176887665917
    ],
    [
      0.750828518374669,
      0.1465168578362101,
      0.015087370695327956,
      0.0179757897679544,
      0.06659684498016549,
      0.0029946183456731725
    ],
    [
      0.7842846665977876,
      0.11678199044855667,
      0.03945227427185199,
      0.021633349062881307,
      0.034853386133438774,
      0.0029943334854837483
    ],
    [
      0.9851924975320835,
      0.0029615004935834165,
      0.0029615004935834165,
      0.0029615004935834165,
      0.0029615004935834165,
      0.0029615004935834165
    ],
    [
      0.9851924975320835,
      0.0029615004935834165,
      0.0029615004935834165,
      0.0029615004935834165,
      0.0029615004935834165,
      0.0029615004935834165
    ],
    [
      0.697283639259128,
      0.16945243730414147,
      0.03477442228695743,
      0.03686036385360929,
      0.0586342690724839,
      0.0029948682236799686
    ],
    [
      0.636730249227346,
      0.20045990280203416,
      0.04642520990313734,
      0.039840112963111594,
      0.073549205048843,
      0.0029953200555280523
    ],
    [
      0.5470668477898794,
      0.19935976381198323,
      0.06968117124269796,
      0.04008158835172231,
      0.14081481465797788,
      0.0029958141457393727
    ],
    [
      0.5459117217914592,
      0.1388414782251113,
      0.07367342432664958,
      0.029753581364925365,
      0.20882397328928143,
      0.0029958210025732798
    ],
    [
      0.9851924975320835,
      0.0029615004935834165,
      0.0029615004935834165,
      0.0029615004935834165,
      0.0029615004935834165,
      0.0029615004935834165
    ],
    [
      0.9851924975320835,
      0.0029615004935834165,
      0.0029615004935834165,
      0.0029615004935834165,
