[
  [
    [
      0.9851924975320835,
      0.0029615004935834165,
      0.0029615004935834165,
      0.0029615004935834165,
      0.0029615004935834165,
      0.0029615004935834165
    ],
    [
      0.9851924975320835,
      0.0029615004935834165,
      0.0029615004935834165,
      0.0029615004935834165,
      0.0029615004935834165,
      0.0029615004935834165
    ],
    [
      0.9851924975320835,
      0.0029615004935834165,
      0.0029615004935834165,
      0.0029615004935834165,
      0.0029615004935834165,
      0.0029615004935834165
    ],
    [
      0.9851924975320835,
      0.0029615004935834165,
      0.0029615004935834165,
      0.0029615004935834165,
      0.0029615004935834165,
      0.0029615004935834165
    ],
    [
      0.9851924975320835,
      0.0029615004935834165,
      0.0029615004935834165,
      0.0029615004935834165,
      0.0029615004935834165,
      0.0029615004935834165
    ],
    [
      0.9851924975320835,
      0.0029615004935834165,
      0.0029615004935834165,
      0.0029615004935834165,
      0.0029615004935834165,
      0.0029615004935834165
    ],
    [
      0.9851924975320835,
      0.0029615004935834165,
      0.0029615004935834165,
      0.0029615004935834165,
      0.0029615004935834165,
      0.0029615004935834165
    ],
    [
      0.9851924975320835,
      0.0029615004935834165,
      0.0029615004935834165,
      0.0029615004935834165,
      0.0029615004935834165,
      0.0029615004935834165
    ],
    [
      0.9851924975320835,
      0.0029615004935834165,
      0.0029615004935834165,
      0.0029615004935834165,
      0.0029615004935834165,
      0.0029615004935834165
    ],
    [
      0.9851924975320835,
      0.0029615004935834165,
      0.0029615004935834165,
      0.0029615004935834165,
      0.0029615004935834165,
      0.0029615004935834165
    ],
    [
      0.9851924975320835,
      0.0029615004935834165,
      0.0029615004935834165,
      0.0029615004935834165,
      0.0029615004935834165,
      0.0029615004935834165
    ],
    [
      0.9851924975320835,
      0.0029615004935834165,
      0.0029615004935834165,
      0.0029615004935834165,
      0.0029615004935834165,
      0.0029615004935834165
    ],
    [
      0.9851924975320835,
      0.0029615004935834165,
      0.0029615004935834165,
      0.0029615004935834165,
      0.0029615004935834165,
      0.0029615004935834165
    ],
    [
      0.9851924975320835,
      0.0029615004935834165,
      0.0029615004935834165,
      0.0029615004935834165,
      0.0029615004935834165,
      0.0029615004935834165
    ],
    [
      0.9851924975320835,
      0.0029615004935834165,
      0.0029615004935834165,
      0.0029615004935834165,
      0.0029615004935834165,
      0.0029615004935834165
    ],
    [
      0.9851924975320835,
      0.0029615004935834165,
      0.0029615004935834165,
      0.0029615004935834165,
      0.0029615004935834165,
      0.0029615004935834165
    ],
    [
      0.9851924975320835,
      0.0029615004935834165,
      0.0029615004935834165,
      0.0029615004935834165,
      0.0029615004935834165,
      0.0029615004935834165
    ],
    [
      0.9851924975320835,
      0.0029615004935834165,
      0.0029615004935834165,
      0.0029615004935834165,
      0.0029615004935834165,
      0.0029615004935834165
    ],
    [
      0.9851924975320835,
      0.0029615004935834165,
      0.0029615004935834165,
      0.0029615004935834165,
      0.0029615004935834165,
      0.0029615004935834165
    ],
    [
      0.9851924975320835,
      0.0029615004935834165,
      0.0029615004935834165,
      0.0029615004935834165,
      0.0029615004935834165,
      0.0029615004935834165
    ],
    [
      0.9851924975320835,
      0.0029615004935834165,
      0.0029615004935834165,
      0.0029615004935834165,
      0.0029615004935834165,
      0.0029615004935834165
    ],
    [
      0.9851924975320835,
      0.0029615004935834165,
      0.0029615004935834165,
      0.0029615004935834165,
      0.0029615004935834165,
      0.0029615004935834165
    ],
    [
      0.9851924975320835,
      0.0029615004935834165,
      0.0029615004935834165,
      0.0029615004935834165,
      0.0029615004935834165,
      0.0029615004935834165
    ],
    [
      0.9851924975320835,
      0.0029615004935834165,
      0.0029615004935834165,
      0.0029615004935834165,
      0.0029615004935834165,
      0.0029615004935834165
    ],
    [
      0.9851924975320835,
      0.0029615004935834165,
      0.0029615004935834165,
      0.0029615004935834165,
      0.0029615004935834165,
      0.0029615004935834165
    ],
    [
      0.9851924975320835,
      0.0029615004935834165,
      0.0029615004935834165,
      0.0029615004935834165,
      0.0029615004935834165,
      0.0029615004935834165
    ],
    [
      0.9851924975320835,
      0.0029615004935834165,
      0.0029615004935834165,
      0.0029615004935834165,
      0.0029615004935834165,
      0.0029615004935834165
    ],
    [
      0.9851924975320835,
      0.0029615004935834165,
      0.0029615004935834165,
      0.0029615004935834165,
      0.0029615004935834165,
      0.0029615004935834165
    ],
    [
      0.9851924975320835,
      0.0029615004935834165,
      0.0029615004935834165,
      0.0029615004935834165,
      0.0029615004935834165,
      0.0029615004935834165
    ],
    [
      0.9851924975320835,
      0.0029615004935834165,
      0.0029615004935834165,
      0.0029615004935834165,
      0.0029615004935834165,
      0.0029615004935834165
    ],
    [
      0.9851924975320835,
      0.0029615004935834165,
      0.0029615004935834165,
      0.0029615004935834165,
      0.0029615004935834165,
      0.0029615004935834165
    ],
    [
      0.9851924975320835,
      0.0029615004935834165,
      0.0029615004935834165,
      0.0029615004935834165,
      0.0029615004935834165,
      0.0029615004935834165
    ],
    [
      0.9851924975320835,
      0.0029615004935834165,
      0.0029615004935834165,
      0.0029615004935834165,
      0.0029615004935834165,
      0.0029615004935834165
    ],
    [
      0.9851924975320835,
      0.0029615004935834165,
      0.0029615004935834165,
      0.0029615004935834165,
      0.0029615004935834165,
      0.0029615004935834165
    ],
    [
      0.9851924975320835,
      0.0029615004935834165,
      0.0029615004935834165,
      0.0029615004935834165,
      0.0029615004935834165,
      0.0029615004935834165
    ],
    [
      0.9851924975320835,
      0.0029615004935834165,
      0.0029615004935834165,
      0.0029615004935834165,
      0.0029615004935834165,
      0.0029615004935834165
    ],
    [
      0.9851924975320835,
      0.0029615004935834165,
      0.0029615004935834165,
      0.0029615004935834165,
      0.0029615004935834165,
      0.0029615004935834165
    ],
    [
      0.9851924975320835,
      0.0029615004935834165,
      0.0029615004935834165,
      0.0029615004935834165,
      0.0029615004935834165,
      0.0029615004935834165
    ],
    [
      0.9851924975320835,
      0.0029615004935834165,
      0.0029615004935834165,
      0.0029615004935834165,
      0.0029615004935834165,
      0.0029615004935834165
    ],
    [
      0.9851924975320835,
      0.0029615004935834165,
      0.0029615004935834165,
      0.0029615004935834165,
      0.0029615004935834165,
      0.0029615004935834165
    ]
  ],
  [
    [
      0.9851924975320835,
      0.0029615004935834165,
      0.0029615004935834165,
      0.0029615004935834165,
      0.0029615004935834165,
      0.0029615004935834165
    ],
    [
      0.8702622607258114,
      0.07214553205276666,
      0.027395788119925046,
      0.010199470357162423,
      0.017002714359185562,
      0.0029942343851490027
    ],
    [
      0.794072495929705,
      0.10921959493104115,
      0.04538899573264908,
      0.021560279840722497,
      0.02676413114890527,
      0.0029945024169771963
    ],
    [
      0.7973742700221657,
      0.10474591690790126,
      0.04105837880483127,
      0.022281483667632176,
      0.031545952180162054,
      0.002993998417307515
    ],
    [
      0.9851924975320835,
      0.0029615004935834165,
      0.0029615004935834165,
      0.0029615004935834165,
      0.0029615004935834165,
      0.0029615004935834165
    ],
    [
      0.42843833446646007,
      0.14951472715977362,
      0.06748275105541054,
      0.024071115351779908,
      0.3274983863896762,
      0.0029946855768997476
    ],
    [
      0.40357935331082284,
      0.17439227659467385,
      0.07020423206313388,
      0.024803754082246394,
      0.32402551680984176,
      0.0029948671392812974
    ],
    [
      0.6631521280904815,
      0.16452178185937,
      0.04723493411132631,
      0.02598497965166441,
      0.0961116184724808,
      0.002994557814677166
    ],
    [
      0.7709870985545759,
      0.13679745485658948,
      0.0372585994665924,
      0.02270271681537142,
      0.029259603138164513,
      0.0029945271687063066
    ],
    [
      0.8309446458291719,
      0.10714898960133976,
      0.024266028983561828,
      0.01314596214104866,
      0.02149982037207497,
      0.0029945530728028866
    ],
    [
      0.7623536029361063,
      0.09977901786786963,
      0.019585771550018814,
      0.011403323261141409,
      0.10388364394425273,
      0.002994640440611224
    ],
    [
      0.4863923674908841,
      0.08957947887721614,
      0.01776624947095567,
      0.01251871504886465,
      0.3907483412709315,
      0.0029948478411479353
    ],
    [
      0.627051618061875,
      0.07785932780145462,
      0.023539336793328227,
      0.010005449695462592,
      0.25854972809275106,
      0.0029945395551285864
    ],
    [
      0.49557259648983953,
      0.056261365166638,
      0.015026488793778523,
      0.014229571623926116,
      0.4159154170975158,
      0.0029945608283022153
    ],
    [
      0.9851924975320835,
      0.0029615004935834165,
      0.0029615004935834165,
      0.0029615004935834165,
      0.0029615004935834165,
      0.0029615004935834165
    ],
    [
      0.7315889522198342,
      0.13994873182686218,
      0.04000838918048494,
      0.027664156619166498,
      0.05779455410620124,
      0.0029952160474511413
    ],
    [
      0.6279168566512653,
      0.17555007300677328,
      0.05009591446299379,
      0.026372640504194845,
      0.11706928256152113,
      0.00299523281325167
    ],
    [
      0.35758954742268273,
      0.1807607808949063,
      0.06912480616296472,
      0.023496516732919484,
      0.3660332478917671,
      0.002995100894759764
    ],
    [
      0.2886081932552851,
      0.18680672019458774,
      0.07444150861657448,
      0.023151979562636905,
      0.42399652837532736,
      0.002995069995588336
    ],
    [
      0.3351340000873099,
      0.19101549517322217,
      0.06921828262649976,
      0.028979059664041996,
      0.37265791581637514,
      0.0029952466325511287
    ],
    [
      0.575295262510923,
      0.187138394836743,
      0.04788974141459101,
      0.036804399755471354,
      0.14987714507893996,
      0.002995056403331854
    ],
    [
      0.6726298976443069,
      0.18203532425177082,
      0.04250036347731701,
      0.037300495949620656,
      0.06253900502320861,
      0.002994913653776131
    ],
    [
      0.707332073201,
      0.16941698223036508,
      0.04206067489192628,
      0.03667380961270242,
      0.04152162662338712,
      0.002994833440619134
    ],
    [
      0.7645600057013384,
      0.13848745979934501,
      0.03729646239906957,
      0.02771756307718545,
      0.028943872545471223,
      0.0029946364775903667
    ],
    [
      0.8309446458291719,
      0.10714898960133976,
      0.024266028983561828,
      0.01314596214104866,
      0.02149982037207497,
      0.0029945530728028866
    ],
    [
      0.7657366397726685,
      0.09725724510794594,
      0.019588010064803638,
      0.011051768140283264,
      0.10337168989891267,
      0.002994647015386087
    ],
    [
      0.4935107932350122,
      0.09104906461221203,
      0.015054633095634052,
      0.01246238875248039,
      0.3849280971818955,
      0.0029950231227658572
    ],
    [
      0.7017776569527564,
      0.0983365235248941,
      0.019679263834750677,
      0.011238887414216874,
      0.1659727532351992,
      0.002994915038182665
    ],
    [
      0.8182088816502565,
      0.09686360354806492,
      0.021171387114891443,
      0.010221572483399013,
      0.050539820906389074,
      0.002994734296999202
    ],
    [
      0.8527333297761555,
      0.09458283959750449,
      0.02114474818841934,
      0.009803043420400758,
      0.01874138284306484,
      0.0029946561744550837
    ],
    [
      0.8514712423739745,
      0.09560357557177858,
      0.02115259397449749,
      0.00990420274439046,
      0.01887370615198987,
      0.002994679183369113
    ],
    [
      0.8514712423739745,
      0.09560357557177858,
      0.02115259397449749,
      0.00990420274439046,
      0.01887370615198987,
      0.002994679183369113
    ],
    [
      0.8044165460094311,
      0.10360510575059675,
      0.024289681577808753,
      0.012359883112193184,
      0.05233416132623712,
      0.0029946222237331906
    ],
    [
      0.6471136965477103,
      0.13293028650564417,
      0.03660563587321087,
      0.02058419921736302,
      0.15977175042639907,
      0.0029944314296724444
    ],
    [
      0.39042178120529286,
      0.14158316016598899,
      0.038657659064858435,
      0.017685880583025435,
      0.40865745709395085,
      0.0029940618868834292
    ],
    [
      0.4170243828848871,
      0.1457370227269238,
      0.03866933800079864,
      0.018028811241038598,
      0.37754634959346056,
      0.0029940955528913508
    ],
    [
      0.6141686801157243,
      0.15147926739063144,
      0.03950024405847198,
      0.02255849144391392,
      0.16929893648644032,
      0.0029943805048180585
    ],
    [
      0.48538538515174245,
      0.14071464127251707,
      0.04237840140018326,
      0.01985020613859162,
      0.3086771596458943,
      0.002994206391071306
    ],
    [
      0.7334207664895457,
      0.10842824103696688,
      0.04001265130085813,
      0.02000977412055247,
      0.09513449569077245,
      0.0029940713613044343
    ],
    [
      0.9851924975320835,
      0.0029615004935834165,
      0.0029615004935834165,
      0.0029615004935834165,
      0.0029615004935834165,
      0.0029615004935834165
    ]
  ],
  [
    [
      0.9851924975320835,
      0.0029615004935834165,
      0.0029615004935834165,
      0.0029615004935834165,
      0.0029615004935834165,
      0.0029615004935834165
    ],
    [
      0.8537724879143658,
      0.08191324917903975,
      0.030824583517731985,
      0.011191446542860538,
      0.019303686554556946,
      0.002994546291444967
    ],
    [
      0.7858233324301511,
      0.11410556737323015,
      0.0471043948106649,
      0.022056878244526346,
      0.027915168751503516,
      0.0029946583899239827
    ],
    [
      0.9851924975320835,
      0.0029615004935834165,
      0.0029615004935834165,
      0.0029615004935834165,
      0.0029615004935834165,
      0.0029615004935834165
    ],
    [
      0.6137471491689547,
      0.18396527407485352,
      0.04605667898434998,
      0.042066132864937204,
      0.1111701059566232,
      0.002994658950281572
    ],
    [
      0.37988990678194917,
      0.27938505763464133,
      0.03864433129450106,
      0.04345266247799339,
      0.2556325086425968,
      0.002995533168318359
    ],
    [
      0.44116318735853155,
      0.31737981962285955,
      0.025536530211115942,
      0.03296685948745784,
      0.17995854406928938,
      0.002995059250745897
    ],
    [
      0.5910924666599618,
      0.28296259479909885,
      0.017460701730044333,
      0.02950855607038986,
      0.07598080794731155,
      0.002994872793193682
    ],
    [
      0.6962816418374412,
      0.22542778193592702,
      0.01280487297460952,
      0.02548889089587135,
      0.03700208231777488,
      0.002994730038376097
    ],
    [
      0.6970679879237657,
      0.20602433306852547,
      0.009437106562909728,
      0.022380953571619986,
      0.06209495776365963,
      0.0029946611095196065
    ],
    [
      0.6340035774025712,
      0.20164775414341313,
      0.007086053735993181,
      0.021565496237043687,
      0.13270244537618747,
      0.0029946731047914327
    ],
    [
      0.524428331529991,
      0.18392842064238682,
      0.014616578535933624,
      0.02048148347296392,
      0.2535505281831495,
      0.0029946576355750847
    ],
    [
      0.3633813374926448,
      0.11291437734429131,
      0.03383065728024429,
      0.014071801622409938,
      0.47280769526536703,
      0.0029941309950427845
    ],
    [
      0.9851924975320835,
      0.0029615004935834165,
      0.0029615004935834165,
      0.0029615004935834165,
      0.0029615004935834165,
      0.0029615004935834165
    ],
    [
      0.4798349205024919,
      0.13173665983698943,
      0.019307841374558588,
      0.056819895946179116,
      0.3093038979619326,
      0.002996784377848403
    ],
    [
      0.5720658617834989,
      0.25640633648149896,
      0.03558635375413864,
      0.03727026105781158,
      0.09567325515629367,
      0.0029979317667582096
    ],
    [
      0.5166038400673939,
      0.3076697329600991,
      0.023451220140601026,
      0.02957249233375093,
      0.11970588152482596,
      0.0029968329733292103
    ],
    [
      0.2727721470372612,
      0.33634500464832645,
      0.023992295189091628,
      0.029009587617545123,
      0.3348845178308443,
      0.0029964476769314278
    ],
    [
      0.2625314875151152,
      0.3553423342491499,
      0.026283264271457548,
      0.03105720935122184,
      0.3217900073498957,
      0.002995697263159946
    ],
    [
      0.21847926545920773,
      0.3818041903775618,
      0.024398005878974473,
      0.04127767542896768,
      0.33104374857496977,
      0.0029971142803185474
    ],
    [
      0.2837121270462276,
      0.3601231421504872,
      0.018609705212099065,
      0.07205946157558359,
      0.26249885725129746,
      0.002996706764305113
    ],
    [
      0.4771377820701712,
      0.35728237701167737,
      0.016100460720054735,
      0.056061424488074545,
      0.09042111157142776,
      0.0029968441385945857
    ],
    [
      0.5189308183208952,
      0.30852193825625224,
      0.015493985003879234,
      0.07972835482805023,
      0.07432852550703997,
      0.0029963780838831717
    ],
    [
      0.5905023683148933,
      0.22869779995227055,
      0.012919578709854865,
      0.040558744867158124,
      0.12432654521627184,
      0.0029949629395512995
    ],
    [
      0.6103378390999754,
      0.20094484247366382,
      0.009405651979817938,
      0.02218750116669893,
      0.1541295974855156,
      0.00299456779432831
    ],
    [
      0.5819374896964935,
      0.18621688775182565,
      0.007070930537089723,
      0.01989192959834704,
      0.20188813428182725,
      0.002994628134416908
    ],
    [
      0.5218555660378227,
      0.17111668441260108,
      0.006421688069112892,
      0.023916678403446804,
      0.27369437533674734,
      0.002995007740269292
    ],
    [
      0.4075450750029656,
      0.1936194807748534,
      0.007465221792060724,
      0.032562620978887805,
      0.35581180085155084,
      0.0029958005996817546
    ],
    [
      0.7049163650778468,
      0.1722876278266561,
      0.008013593220711003,
      0.02354410391407188,
      0.08824318900453816,
      0.0029951209561760507
    ],
    [
      0.7711016532421086,
      0.1744808468942316,
      0.00800691659631744,
      0.01785531313867352,
      0.025560169010814236,
      0.002995101117854651
    ],
    [
      0.7668899336301657,
      0.1778606540504268,
      0.00802987824595236,
      0.018202976701971105,
      0.026021388027448425,
      0.0029951693440357983
    ],
    [
      0.7706965345124335,
      0.17502335074715836,
      0.008032368472992036,
      0.017807424028263054,
      0.025445145495880575,
      0.0029951767432725173
    ],
    [
      0.6984485353076448,
      0.17987535792651077,
      0.0095789326099107,
      0.01896284437714686,
      0.09013924791898527,
      0.0029950818598016298
    ],
    [
      0.41828151234637667,
      0.21905241509845425,
      0.012479690784610135,
      0.02341473239159856,
      0.32377696444887155,
      0.0029946849300890007
    ],
    [
      0.473034691785653,
      0.27114947020228014,
      0.013827316950708211,
      0.02699414100631718,
      0.21199965559906,
      0.0029947244559816646
    ],
    [
      0.5149228316208219,
      0.2886214858138533,
      0.013841255889173797,
      0.02799000309701379,
      0.1516296579492011,
      0.0029947656299362563
    ],
    [
      0.54441721931051,
      0.29227227050762206,
      0.013976304966074386,
      0.028818631266733424,
      0.11752076985155759,
      0.0029948040975025397
    ],
    [
      0.5557405035773901,
      0.268769615220885,
      0.02427755652942721,
      0.02968035939065847,
      0.11853710454123759,
      0.002994860740401761
    ],
    [
      0.687241255986154,
      0.1607705523007492,
      0.045022236976297696,
      0.02650521317078673,
      0.07746625165162163,
      0.002994489914390774
    ],
    [
      0.9851924975320835,
      0.0029615004935834165,
      0.0029615004935834165,
      0.0029615004935834165,
      0.0029615004935834165,
      0.0029615004935834165
    ]
  ],
  [
    [
      0.9851924975320835,
      0.0029615004935834165,
      0.0029615004935834165,
      0.0029615004935834165,
      0.0029615004935834165,
      0.0029615004935834165
    ],
    [
      0.8516650764175835,
      0.06353649042625464,
      0.023966782348778526,
      0.007828929196752639,
      0.0500086867522211,
      0.002994034858409657
    ],
    [
      0.9851924975320835,
      0.0029615004935834165,
      0.0029615004935834165,
      0.0029615004935834165,
      0.0029615004935834165,
      0.0029615004935834165
    ],
    [
      0.6866882673872539,
      0.15105098593444652,
      0.050607212586733945,
      0.03080705075878676,
      0.07785197253262545,
      0.0029945108001534263
    ],
    [
      0.5718788625803214,
      0.232371709808281,
      0.04222701270593136,
      0.04559048961746886,
      0.10493703045435565,
      0.0029948948336418757
    ],
    [
      0.3687302925473925,
      0.3219588744009086,
      0.012576884405454574,
      0.03781154035382142,
      0.25592766605981015,
      0.002994742232612957
    ],
    [
      0.5053547990741157,
      0.3462197502549878,
      0.0029933420995136243,
      0.03167881417552165,
      0.11075995229634751,
      0.0029933420995136243
    ],
    [
      0.6007131782844536,
      0.3154407469559332,
      0.0029895003383934335,
      0.02880178084869763,
      0.049065293234128775,
      0.0029895003383934335
    ],
    [
      0.6392440910108254,
      0.2843854020676557,
      0.0029890420340567257,
      0.02646484639103832,
      0.04392757646236742,
      0.0029890420340567257
    ],
    [
      0.5916500848627398,
      0.27500938917172874,
      0.0029887444648817965,
      0.02584343332371942,
      0.10151960371204845,
      0.0029887444648817965
    ],
    [
      0.39366563859481846,
      0.26775686479288807,
      0.0029883186186406407,
      0.02616554292342814,
      0.30643531645158417,
      0.0029883186186406407
    ],
    [
      0.42035226348824745,
      0.23803732109867648,
      0.012148804441026211,
      0.023863651616058735,
      0.3026037408710729,
      0.0029942184849182972
    ],
    [
      0.33188496429688125,
      0.12379050572791486,
      0.03412353218912066,
      0.014602142719044387,
      0.4926051831009687,
      0.0029936719660700684
    ],
    [
      0.9851924975320835,
      0.0029615004935834165,
      0.0029615004935834165,
      0.0029615004935834165,
      0.0029615004935834165,
      0.0029615004935834165
    ],
    [
      0.7590111961132164,
      0.11265515793592189,
      0.02113577231854448,
      0.02319536029207982,
      0.081007487658749,
      0.0029950256814884097
    ],
    [
      0.6381666685530324,
      0.23370450673711146,
      0.01297728404551396,
      0.02766644817666378,
      0.08448900440241243,
      0.002996088085266046
    ],
    [
      0.5155261504282844,
      0.3274378560840708,
      0.004894926470717258,
      0.031454970103144596,
      0.11768956219749983,
      0.002996534716283266
    ],
    [
      0.4449983578780969,
      0.3492911558240721,
      0.0029930746280529483,
      0.036978159499364,
      0.16274617754236115,
      0.0029930746280529483
    ],
    [
      0.42287322996222365,
      0.409961567249268,
      0.0029973032857322766,
      0.03344387643073541,
      0.1277267197863083,
      0.0029973032857322766
    ],
    [
      0.4164165556203783,
      0.363429238195096,
      0.00299288916352218,
      0.03804078600552376,
      0.17612764185195764,
      0.00299288916352218
    ],
    [
      0.33315597631047744,
      0.4190331894707262,
      0.0029954463620169825,
      0.057886834671374475,
      0.18393310682338804,
      0.0029954463620169825
    ],
    [
      0.3946063696523079,
      0.43160427167961574,
      0.0029975491024485474,
      0.06721635330335944,
      0.10057790715981982,
      0.0029975491024485474
    ],
    [
      0.42443917406391024,
      0.37206130807700927,
      0.0029957677333292865,
      0.08339045974310429,
      0.11411752264931771,
      0.0029957677333292865
    ],
    [
      0.301552848573788,
      0.3041983974733423,
      0.002991409411749575,
      0.046832128444238744,
      0.34143380668513174,
      0.002991409411749575
    ],
    [
      0.2675992930377917,
      0.2562051469493777,
      0.002988871457934275,
      0.034928487315398486,
      0.43528932978156376,
      0.002988871457934275
    ],
    [
      0.22936983169044095,
      0.2131808380107261,
      0.002987925587871969,
      0.03112653737000682,
      0.5203469417530824,
      0.002987925587871969
    ],
    [
      0.2584110482376921,
      0.21499101760644393,
      0.0029887519620655973,
      0.04221780425092459,
      0.4784026259808081,
      0.0029887519620655973
    ],
    [
      0.4983930998480101,
      0.23373100995838197,
      0.002990518382907648,
      0.07758569570114116,
      0.18430915772665168,
      0.002990518382907648
    ],
    [
      0.6434711321723047,
      0.24151394815824836,
      0.002991090700562593,
      0.044728532601159644,
      0.0643042056671621,
      0.002991090700562593
    ],
    [
      0.6758425716653724,
      0.2538774641086769,
      0.0029914462880586356,
      0.02970895700315339,
      0.034588114646679935,
      0.0029914462880586356
    ],
    [
      0.6511932704415909,
      0.2514412599207004,
      0.002991188027746732,
      0.024890018501556123,
      0.06649307508065934,
      0.002991188027746732
    ],
    [
      0.6484757262661112,
      0.22711197735627875,
      0.0029903732392056554,
      0.023135651399545164,
      0.09529589849965361,
      0.0029903732392056554
    ],
    [
      0.6486414306260326,
      0.2020188154526614,
      0.0029899907206560293,
      0.020392079061209482,
      0.1229676934187847,
      0.0029899907206560293
    ],
    [
      0.5649227133742676,
      0.2422025043536355,
      0.0029897100803403316,
      0.02441480874607957,
      0.16248055336533684,
      0.0029897100803403316
    ],
    [
      0.5469013141856967,
      0.30758513720718683,
      0.002989569758309997,
      0.028523546252314753,
      0.11101086283818194,
      0.002989569758309997
    ],
    [
      0.5453491816292496,
      0.3557778582607428,
      0.0029894478401440534,
      0.030912604024148145,
      0.06198146040557137,
      0.0029894478401440534
    ],
    [
      0.523386411886415,
      0.3693259672575209,
      0.0029893501216708253,
      0.03177863014110569,
      0.06953029047161682,
      0.0029893501216708253
    ],
    [
      0.5569149676176,
      0.32865842483456764,
      0.01496319401870773,
      0.03221393492460077,
      0.0642547005156644,
      0.0029947780888595838
    ],
    [
      0.7024484140078031,
      0.1776027427177366,
      0.04228108437126252,
      0.027527639346599846,
      0.04714562938875656,
      0.002994490167841331
    ],
    [
      0.9851924975320835,
      0.0029615004935834165,
      0.0029615004935834165,
      0.0029615004935834165,
      0.0029615004935834165,
      0.0029615004935834165
    ]
  ],
  [
    [
      0.9851924975320835,
      0.0029615004935834165,
      0.0029615004935834165,
      0.0029615004935834165,
      0.0029615004935834165,
      0.0029615004935834165
    ],
    [
      0.9851924975320835,
      0.0029615004935834165,
      0.0029615004935834165,
      0.0029615004935834165,
      0.0029615004935834165,
      0.0029615004935834165
    ],
    [
      0.4416056777447202,
      0.11561137903825149,
      0.04581499393149564,
      0.01656089523176406,
      0.3774128950438926,
      0.002994159009876113
    ],
    [
      0.5801005434130658,
      0.1871299354759072,
      0.047837617156695406,
      0.030295736945455693,
      0.15164133266044383,
      0.0029948343484322085
    ],
    [
      0.573300310988593,
      0.27101581700199134,
      0.017447427152548968,
      0.03262070249407951,
      0.10262086673021151,
      0.0029948756325755533
    ],
    [
      0.5054713836434744,
      0.3006892776964187,
      0.0041766497386528335,
      0.030187364970688222,
      0.15648059557715274,
      0.0029947283736131854
    ],
    [
      0.5259816604376083,
      0.3097631082826775,
      0.002989507888243327,
      0.028978085390668557,
      0.12929813011255925,
      0.002989507888243327
    ],
    [
      0.549804272872594,
      0.3128586342977846,
      0.0029893640273899783,
      0.02889181687549372,
      0.1024665478993478,
      0.0029893640273899783
    ],
    [
      0.5549455437422219,
      0.32240127321267625,
      0.0029887290395572697,
      0.028185326412711036,
      0.08849039855327624,
      0.0029887290395572697
    ],
    [
      0.5114584760510589,
      0.3264456066421221,
      0.0029884290488118503,
      0.028339307212526928,
      0.1277797519966687,
      0.0029884290488118503
    ],
    [
      0.42582797771748526,
      0.31125843926917673,
      0.002988275046260522,
      0.02777946750908329,
      0.22915756541173382,
      0.002988275046260522
    ],
    [
      0.2684853296733309,
      0.2492185550124656,
      0.012196504758889977,
      0.025422187341495994,
      0.441683384414269,
      0.0029940387995486192
    ],
    [
      0.3685363795543489,
      0.1281553441245695,
      0.03435611697069443,
      0.01614436849854071,
      0.4498140733556895,
      0.002993717496156872
    ],
    [
      0.9851924975320835,
      0.0029615004935834165,
      0.0029615004935834165,
      0.0029615004935834165,
      0.0029615004935834165,
      0.0029615004935834165
    ],
    [
      0.7706341107763405,
      0.14825477219170155,
      0.029948322501363027,
      0.01977250924885757,
      0.02839525271152446,
      0.0029950325702130004
    ],
    [
      0.5696648486644633,
      0.28111706478234166,
      0.011625966806069603,
      0.024239677139712607,
      0.11035557123877829,
      0.0029968713686346245
    ],
    [
      0.3567138921703442,
      0.33000909188848326,
      0.0029945097713205754,
      0.03512048116614134,
      0.2721675152323902,
      0.0029945097713205754
    ],
    [
      0.4349475261563471,
      0.36209393834221315,
      0.0029944346106281937,
      0.07267219952333358,
      0.1242974667568499,
      0.0029944346106281937
    ],
    [
      0.5135405254820543,
      0.3712506525209512,
      0.002994897315466172,
      0.04632517818953376,
      0.06289384917652842,
      0.002994897315466172
    ],
    [
      0.512296601466107,
      0.339071185508599,
      0.0029920859639739187,
      0.040906606643016444,
      0.10174143445432983,
      0.0029920859639739187
    ],
    [
      0.3234527120607432,
      0.37314093948003313,
      0.00299368136450549,
      0.08057114143446503,
      0.21684784429574763,
      0.00299368136450549
    ],
    [
      0.40228923267124034,
      0.4018067018369046,
      0.0029953347779706867,
      0.0863305668968336,
      0.10358282903908014,
      0.0029953347779706867
    ],
    [
      0.389187679885062,
      0.42920295928471813,
      0.002997328921488471,
      0.049535794346920584,
      0.12607890864032253,
      0.002997328921488471
    ],
    [
      0.3886713187109137,
      0.410373769071282,
      0.003126585479552932,
      0.04351155296257536,
      0.15131902480560133,
      0.002997748970074605
    ],
    [
      0.41091945935735247,
      0.2861139916151591,
      0.0029912046934712764,
      0.06422236266412523,
      0.2327617769764209,
      0.0029912046934712764
    ],
    [
      0.24659625744584282,
      0.21785414197174227,
      0.002988110522501478,
      0.04081006133160027,
      0.4887633182058118,
      0.002988110522501478
    ],
    [
      0.29344604771089394,
      0.2516009079039771,
      0.0029893003593111324,
      0.06871321179997804,
      0.38026123186652877,
      0.0029893003593111324
    ],
    [
      0.49208968006314446,
      0.3267034478472139,
      0.002994369243127844,
      0.05705440053585111,
      0.11816373306753483,
      0.002994369243127844
    ],
    [
      0.5363009477579348,
      0.34224071938398287,
      0.0029950929989333644,
      0.07242033465188966,
      0.0430478122083261,
      0.0029950929989333644
    ],
    [
      0.5648910125634107,
      0.34612186040632736,
      0.0029945944800218766,
      0.038167677591367084,
      0.0448302604788511,
      0.0029945944800218766
    ],
    [
      0.5348457642907187,
      0.3249770821827957,
      0.002993571242653344,
      0.027718083740245,
      0.10647192730093386,
      0.002993571242653344
    ],
    [
      0.4391554649853438,
      0.24305594854878723,
      0.0029901581648685035,
      0.023432083237212638,
      0.28837618689891936,
      0.0029901581648685035
    ],
    [
      0.6136772658894322,
      0.20446986914677617,
      0.002989892669765357,
      0.02060666789984103,
      0.15526641172442007,
      0.002989892669765357
    ],
    [
      0.41422281535976296,
      0.23989405004083772,
      0.0029893059021683685,
      0.023755938028641583,
      0.31614858476642094,
      0.0029893059021683685
    ],
    [
      0.4699678233432423,
      0.30751275777736886,
      0.002989351691378445,
      0.028770608457125556,
      0.18777010703950653,
      0.002989351691378445
    ],
    [
      0.454500180809436,
      0.3661559221744859,
      0.002989163220898232,
      0.03193960823102146,
      0.14142596234326038,
      0.002989163220898232
    ],
    [
      0.4173286265298179,
      0.41182237304806113,
      0.0029889582022132816,
      0.03599904549555627,
      0.12887203852213827,
      0.0029889582022132816
    ],
    [
      0.508374136147566,
      0.34262639734801703,
      0.015070582874403491,
      0.03314560316356715,
      0.09778859372159235,
      0.0029946867448539523
    ],
    [
      0.6459849574341755,
      0.18107706185326727,
      0.04252515595092176,
      0.027728389980269965,
      0.09969003825744145,
      0.0029943965239241396
    ],
    [
      0.9851924975320835,
      0.0029615004935834165,
      0.0029615004935834165,
      0.0029615004935834165,
      0.0029615004935834165,
      0.0029615004935834165
    ]
  ],
  [
    [
      0.9851924975320835,
      0.0029615004935834165,
      0.0029615004935834165,
      0.0029615004935834165,
      0.0029615004935834165,
      0.0029615004935834165
    ],
    [
      0.6433266849651234,
      0.07510371661097744,
      0.025488902541434454,
      0.009593456651327329,
      0.2434929682756293,
      0.0029942709555081325
    ],
    [
      0.3052235479540716,
      0.1383812491371359,
      0.03998013180395407,
      0.018284151651271313,
      0.49513637386126125,
      0.0029945455923060895
    ],
    [
      0.5313185148361849,
      0.20669578509173867,
      0.01747963157688797,
      0.024774000051778274,
      0.2167372344787511,
      0.002994833964659094
    ],
    [
      0.5209061695741294,
      0.2293458004332208,
      0.004671700622864185,
      0.025546607985826766,
      0.21653497222000856,
      0.0029947491639503855
    ],
    [
      0.32833248586007846,
      0.23507428281750206,
      0.002988926525293993,
      0.02435850762157091,
      0.4062568706502606,
      0.002988926525293993
    ],
    [
      0.49076328484453674,
      0.2595043410105728,
      0.002989769074573597,
      0.02651475740820819,
      0.2172380785875353,
      0.002989769074573597
    ],
    [
      0.3277489462944659,
      0.30307663073604985,
      0.0029895414606389416,
      0.028879995706748603,
      0.33431534434145793,
      0.0029895414606389416
    ],
    [
      0.4299373357577165,
      0.33016693261055097,
      0.0029887275936165865,
      0.028780534922815893,
      0.20513774152168351,
      0.0029887275936165865
    ],
    [
      0.38831607436441323,
      0.35738317182327173,
      0.002987968453107022,
      0.03152614372986872,
      0.21679867317623255,
      0.002987968453107022
    ],
    [
      0.34750811186422736,
      0.31269831709940077,
      0.0029879380288841224,
      0.02810558607924072,
      0.3057121088993628,
      0.0029879380288841224
    ],
    [
      0.5119760683322016,
      0.2521076861465294,
      0.01831984903546631,
      0.026025700395580484,
      0.18857625921614343,
      0.0029944368740788567
    ],
    [
      0.6664500509181122,
      0.13313601800692831,
      0.04701075399119026,
      0.021205027037028028,
      0.12920372823530327,
      0.0029944218114380805
    ],
    [
      0.9851924975320835,
      0.0029615004935834165,
      0.0029615004935834165,
      0.0029615004935834165,
      0.0029615004935834165,
      0.0029615004935834165
    ],
    [
      0.6524512042450435,
      0.24387176497693497,
      0.03202500407451571,
      0.025557428597729113,
      0.04309742848191189,
      0.0029971696238647125
    ],
    [
      0.45751338915006373,
      0.3403035597900882,
      0.012626896746349292,
      0.027059088784646655,
      0.15949962794240827,
      0.002997437586443886
    ],
    [
      0.2726473196141565,
      0.38034620602102553,
      0.0029972638875120855,
      0.03528984074177269,
      0.3057221058480211,
      0.0029972638875120855
    ],
    [
      0.40068157965667595,
      0.37158622196211916,
      0.0029948031000332767,
      0.05585510777269278,
      0.1658874844084456,
      0.0029948031000332767
    ],
    [
      0.397013545303097,
      0.3899088950612775,
      0.0029939521212455525,
      0.08017185086508,
      0.12691780452805446,
      0.0029939521212455525
    ],
    [
      0.4290082304754256,
      0.3897748552358459,
      0.0029950575706091604,
      0.04226471102579542,
      0.13296208812171487,
      0.0029950575706091604
    ],
    [
      0.4493123628395921,
      0.39163099535116436,
      0.0029967301498834806,
      0.04109010687753554,
      0.11197307463194109,
      0.0029967301498834806
    ],
    [
      0.43297666235934057,
      0.4198416395390657,
      0.002997336082524636,
      0.04713046537693233,
      0.0940565605596123,
      0.002997336082524636
    ],
    [
      0.41823531058757957,
      0.4111801770521662,
      0.002995098712829399,
      0.043672946468414,
      0.12092136846618155,
      0.002995098712829399
    ],
    [
      0.4936200387538376,
      0.3804802296202594,
      0.002995457681926778,
      0.0422716981205246,
      0.07763711814152498,
      0.002995457681926778
    ],
    [
      0.5497324790055055,
      0.3233695806108551,
      0.0029949577175262913,
      0.04511458272242957,
      0.07579344222615733,
      0.0029949577175262913
    ],
    [
      0.5908230303121983,
      0.24136805206877898,
