[
  [
    [
      0.9851924975320835,
      0.0029615004935834165,
      0.0029615004935834165,
      0.0029615004935834165,
      0.0029615004935834165,
      0.0029615004935834165
    ],
    [
      0.9851924975320835,
      0.0029615004935834165,
      0.0029615004935834165,
      0.0029615004935834165,
      0.0029615004935834165,
      0.0029615004935834165
    ],
    [
      0.9851924975320835,
      0.0029615004935834165,
      0.0029615004935834165,
      0.0029615004935834165,
      0.0029615004935834165,
      0.0029615004935834165
    ],
    [
      0.9851924975320835,
      0.0029615004935834165,
      0.0029615004935834165,
      0.0029615004935834165,
      0.0029615004935834165,
      0.0029615004935834165
    ],
    [
      0.9851924975320835,
      0.0029615004935834165,
      0.0029615004935834165,
      0.0029615004935834165,
      0.0029615004935834165,
      0.0029615004935834165
    ],
    [
      0.9851924975320835,
      0.0029615004935834165,
      0.0029615004935834165,
      0.0029615004935834165,
      0.0029615004935834165,
      0.0029615004935834165
    ],
    [
      0.9851924975320835,
      0.0029615004935834165,
      0.0029615004935834165,
      0.0029615004935834165,
      0.0029615004935834165,
      0.0029615004935834165
    ],
    [
      0.9851924975320835,
      0.0029615004935834165,
      0.0029615004935834165,
      0.0029615004935834165,
      0.0029615004935834165,
      0.0029615004935834165
    ],
    [
      0.9851924975320835,
      0.0029615004935834165,
      0.0029615004935834165,
      0.0029615004935834165,
      0.0029615004935834165,
      0.0029615004935834165
    ],
    [
      0.9851924975320835,
      0.0029615004935834165,
      0.0029615004935834165,
      0.0029615004935834165,
      0.0029615004935834165,
      0.0029615004935834165
    ],
    [
      0.9851924975320835,
      0.0029615004935834165,
      0.0029615004935834165,
      0.0029615004935834165,
      0.0029615004935834165,
      0.0029615004935834165
    ],
    [
      0.9851924975320835,
      0.0029615004935834165,
      0.0029615004935834165,
      0.0029615004935834165,
      0.0029615004935834165,
      0.0029615004935834165
    ],
    [
      0.9851924975320835,
      0.0029615004935834165,
      0.0029615004935834165,
      0.0029615004935834165,
      0.0029615004935834165,
      0.0029615004935834165
    ],
    [
      0.9851924975320835,
      0.0029615004935834165,
      0.0029615004935834165,
      0.0029615004935834165,
      0.0029615004935834165,
      0.0029615004935834165
    ],
    [
      0.9851924975320835,
      0.0029615004935834165,
      0.0029615004935834165,
      0.0029615004935834165,
      0.0029615004935834165,
      0.0029615004935834165
    ],
    [
      0.9851924975320835,
      0.0029615004935834165,
      0.0029615004935834165,
      0.0029615004935834165,
      0.0029615004935834165,
      0.0029615004935834165
    ],
    [
      0.9851924975320835,
      0.0029615004935834165,
      0.0029615004935834165,
      0.0029615004935834165,
      0.0029615004935834165,
      0.0029615004935834165
    ],
    [
      0.9851924975320835,
      0.0029615004935834165,
      0.0029615004935834165,
      0.0029615004935834165,
      0.0029615004935834165,
      0.0029615004935834165
    ],
    [
      0.9851924975320835,
      0.0029615004935834165,
      0.0029615004935834165,
      0.0029615004935834165,
      0.0029615004935834165,
      0.0029615004935834165
    ],
    [
      0.9851924975320835,
      0.0029615004935834165,
      0.0029615004935834165,
      0.0029615004935834165,
      0.0029615004935834165,
      0.0029615004935834165
    ],
    [
      0.9851924975320835,
      0.0029615004935834165,
      0.0029615004935834165,
      0.0029615004935834165,
      0.0029615004935834165,
      0.0029615004935834165
    ],
    [
      0.9851924975320835,
      0.0029615004935834165,
      0.0029615004935834165,
      0.0029615004935834165,
      0.0029615004935834165,
      0.0029615004935834165
    ],
    [
      0.9851924975320835,
      0.0029615004935834165,
      0.0029615004935834165,
      0.0029615004935834165,
      0.0029615004935834165,
      0.0029615004935834165
    ],
    [
      0.9851924975320835,
      0.0029615004935834165,
      0.0029615004935834165,
      0.0029615004935834165,
      0.0029615004935834165,
      0.0029615004935834165
    ],
    [
      0.9851924975320835,
      0.0029615004935834165,
      0.0029615004935834165,
      0.0029615004935834165,
      0.0029615004935834165,
      0.0029615004935834165
    ],
    [
      0.9851924975320835,
      0.0029615004935834165,
      0.0029615004935834165,
      0.0029615004935834165,
      0.0029615004935834165,
      0.0029615004935834165
    ],
    [
      0.9851924975320835,
      0.0029615004935834165,
      0.0029615004935834165,
      0.0029615004935834165,
      0.0029615004935834165,
      0.0029615004935834165
    ],
    [
      0.9851924975320835,
      0.0029615004935834165,
      0.0029615004935834165,
      0.0029615004935834165,
      0.0029615004935834165,
      0.0029615004935834165
    ],
    [
      0.9851924975320835,
      0.0029615004935834165,
      0.0029615004935834165,
      0.0029615004935834165,
      0.0029615004935834165,
      0.0029615004935834165
    ],
    [
      0.9851924975320835,
      0.0029615004935834165,
      0.0029615004935834165,
      0.0029615004935834165,
      0.0029615004935834165,
      0.0029615004935834165
    ],
    [
      0.9851924975320835,
      0.0029615004935834165,
      0.0029615004935834165,
      0.0029615004935834165,
      0.0029615004935834165,
      0.0029615004935834165
    ],
    [
      0.9851924975320835,
      0.0029615004935834165,
      0.0029615004935834165,
      0.0029615004935834165,
      0.0029615004935834165,
      0.0029615004935834165
    ],
    [
      0.9851924975320835,
      0.0029615004935834165,
      0.0029615004935834165,
      0.0029615004935834165,
      0.0029615004935834165,
      0.0029615004935834165
    ],
    [
      0.9851924975320835,
      0.0029615004935834165,
      0.0029615004935834165,
      0.0029615004935834165,
      0.0029615004935834165,
      0.0029615004935834165
    ],
    [
      0.9851924975320835,
      0.0029615004935834165,
      0.0029615004935834165,
      0.0029615004935834165,
      0.0029615004935834165,
      0.0029615004935834165
    ],
    [
      0.9851924975320835,
      0.0029615004935834165,
      0.0029615004935834165,
      0.0029615004935834165,
      0.0029615004935834165,
      0.0029615004935834165
    ],
    [
      0.9851924975320835,
      0.0029615004935834165,
      0.0029615004935834165,
      0.0029615004935834165,
      0.0029615004935834165,
      0.0029615004935834165
    ],
    [
      0.9851924975320835,
      0.0029615004935834165,
      0.0029615004935834165,
      0.0029615004935834165,
      0.0029615004935834165,
      0.0029615004935834165
    ],
    [
      0.9851924975320835,
      0.0029615004935834165,
      0.0029615004935834165,
      0.0029615004935834165,
      0.0029615004935834165,
      0.0029615004935834165
    ],
    [
      0.9851924975320835,
      0.0029615004935834165,
      0.0029615004935834165,
      0.0029615004935834165,
      0.0029615004935834165,
      0.0029615004935834165
    ]
  ],
  [
    [
      0.9851924975320835,
      0.0029615004935834165,
      0.0029615004935834165,
      0.0029615004935834165,
      0.0029615004935834165,
      0.0029615004935834165
    ],
    [
      0.9622795037354307,
      0.021731155561542148,
      0.004054309510512345,
      0.0029915547587697974,
      0.0059519216749752985,
      0.0029915547587697974
    ],
    [
      0.951124800161952,
      0.030404074277790773,
      0.00444148094901799,
      0.002993129603124488,
      0.008043385404990222,
      0.002993129603124488
    ],
    [
      0.9046685519665639,
      0.031752396722077914,
      0.004165946890143326,
      0.0029930463746029646,
      0.05342701167200886,
      0.0029930463746029646
    ],
    [
      0.8605210493339581,
      0.03098944457533189,
      0.004149879879496674,
      0.002992998413568033,
      0.09835362938407716,
      0.002992998413568033
    ],
    [
      0.8111022641185247,
      0.031865487575778804,
      0.004193632247769348,
      0.0029930657455582827,
      0.14685248456681058,
      0.0029930657455582827
    ],
    [
      0.5745401964661897,
      0.03296777252087427,
      0.0042927601870688305,
      0.002993171824984146,
      0.38221292717589916,
      0.002993171824984146
    ],
    [
      0.8552499680066482,
      0.03262847092494159,
      0.0042097003209949834,
      0.0029931137087511675,
      0.10192563332991281,
      0.0029931137087511675
    ],
    [
      0.9046685519665639,
      0.031752396722077914,
      0.004165946890143326,
      0.0029930463746029646,
      0.05342701167200886,
      0.0029930463746029646
    ],
    [
      0.8163749615314104,
      0.030226516879518897,
      0.004133813383762265,
      0.0029929504540701464,
      0.1432788072971683,
      0.0029929504540701464
    ],
    [
      0.7228111008792698,
      0.03033959423372693,
      0.004161497646166963,
      0.0029929698237838873,
      0.23670186759326842,
      0.0029929698237838873
    ],
    [
      0.530396133716447,
      0.03220476892012157,
      0.004276690470840244,
      0.002993123859928689,
      0.42713615917273384,
      0.002993123859928689
    ],
    [
      0.8564074510143155,
      0.031171274311753313,
      0.00463783764395416,
      0.0029933705028313226,
      0.10179669602431447,
      0.0029933705028313226
    ],
    [
      0.9599985317617982,
      0.023037485035289268,
      0.004391430953695847,
      0.002991997375005822,
      0.0065885574992052215,
      0.002991997375005822
    ],
    [
      0.9851924975320835,
      0.0029615004935834165,
      0.0029615004935834165,
      0.0029615004935834165,
      0.0029615004935834165,
      0.0029615004935834165
    ],
    [
      0.8243759799747675,
      0.0194216783165655,
      0.004306230735383502,
      0.0029914147887188246,
      0.14591328139584583,
      0.0029914147887188246
    ],
    [
      0.723000539441346,
      0.02508235759044586,
      0.004958439911104473,
      0.002993135566991254,
      0.24097239192312123,
      0.002993135566991254
    ],
    [
      0.48843357108780083,
      0.027188749898307375,
      0.004365172780636924,
      0.002993659480278611,
      0.47402518727269766,
      0.002993659480278611
    ],
    [
      0.7708416976013168,
      0.02734688219504372,
      0.003520936104808275,
      0.0029948859015531282,
      0.1923007122957251,
      0.0029948859015531282
    ],
    [
      0.9086070096052384,
      0.028028344912843842,
      0.00402775396278339,
      0.0029935906559470857,
      0.05334971020724016,
      0.0029935906559470857
    ],
    [
      0.9520574909417828,
      0.03015807565885365,
      0.0042178023032049,
      0.0029932276023150323,
      0.007580175891528636,
      0.0029932276023150323
    ],
    [
      0.9452478419604564,
      0.03478588007185322,
      0.004674874000054262,
      0.002993936796121219,
      0.009303530375393885,
      0.002993936796121219
    ],
    [
      0.920547206734837,
      0.05140702195644909,
      0.007264048563709728,
      0.0035143352090409355,
      0.014272662728716254,
      0.0029947248072468525
    ],
    [
      0.7927546163761928,
      0.08485186664382217,
      0.010747424137484154,
      0.0033390804948839636,
      0.1053124263728393,
      0.002994585974777677
    ],
    [
      0.4850120498496098,
      0.10926465454327039,
      0.011522075972798113,
      0.0037498195132003994,
      0.38745720884288065,
      0.002994191278240692
    ],
    [
      0.7013939681756017,
      0.12012657705096765,
      0.01146659509176577,
      0.004001731094581916,
      0.1600166480536235,
      0.0029944805334597502
    ],
    [
      0.7368610996778276,
      0.11078785750250446,
      0.011482146740892396,
      0.0037502412014890634,
      0.1341241283026518,
      0.0029945265746348106
    ],
    [
      0.40550255208326713,
      0.07460729040848497,
      0.009691676591723784,
      0.0029991687867311767,
      0.35667779467568195,
      0.15052151745411105
    ],
    [
      0.002961500493583416,
      0.002961500493583416,
      0.002961500493583416,
      0.002961500493583416,
      0.002961500493583416,
      0.985192497532083
    ],
    [
      0.7207400534676435,
      0.01786699367235603,
      0.0034670421433377102,
      0.002996494079708236,
      0.004833222231794701,
      0.2500961944051599
    ],
    [
      0.9089903207719162,
      0.026156882279328154,
      0.0041749037975557,
      0.0029980512369266483,
      0.006634152354450512,
      0.05104568955982287
    ],
    [
      0.9520574909417828,
      0.03015807565885365,
      0.0042178023032049,
      0.0029932276023150323,
      0.007580175891528636,
      0.0029932276023150323
    ],
    [
      0.9483791601559818,
      0.03293666923958135,
      0.004214771676965337,
      0.002993271144665842,
      0.008482856638139817,
      0.002993271144665842
    ],
    [
      0.9465399546314018,
      0.03432599634522503,
      0.004213256330780526,
      0.0029932929163163065,
      0.008934206859960003,
      0.0029932929163163065
    ],
    [
      0.8529662305516581,
      0.03443911317212292,
      0.004240944275116963,
      0.002993312290462996,
      0.10236708742017608,
      0.002993312290462996
    ],
    [
      0.4786592207640392,
      0.03489159512311088,
      0.004351699636770687,
      0.0029933897895578067,
      0.47611070489696367,
      0.0029933897895578067
    ],
    [
      0.38507943983236265,
      0.035004719271849144,
      0.0043793893732959124,
      0.0029934091649585484,
      0.5695496331925752,
      0.0029934091649585484
    ],
    [
      0.3863312217555784,
      0.03336503570607927,
      0.004861148574429613,
      0.002993727602264543,
      0.5694551387593837,
      0.002993727602264543
    ],
    [
      0.4908637266173488,
      0.02459424027791392,
      0.004660331541461662,
      0.0029923660672688092,
      0.47389696942873827,
      0.0029923660672688092
    ],
    [
      0.9851924975320835,
      0.0029615004935834165,
      0.0029615004935834165,
      0.0029615004935834165,
      0.0029615004935834165,
      0.0029615004935834165
    ]
  ],
  [
    [
      0.9851924975320835,
      0.0029615004935834165,
      0.0029615004935834165,
      0.0029615004935834165,
      0.0029615004935834165,
      0.0029615004935834165
    ],
    [
      0.8137541573938951,
      0.02992442994031899,
      0.004524158893585354,
      0.002992957925954983,
      0.1458113379202906,
      0.002992957925954983
    ],
    [
      0.78026092909668,
      0.05966410462179335,
      0.003070143083239939,
      0.003084563842908389,
      0.15092544768355526,
      0.00299481167182331
    ],
    [
      0.7671052353184323,
      0.07219309515861232,
      0.0029924010972103773,
      0.003262130454628443,
      0.15145473687390618,
      0.0029924010972103773
    ],
    [
      0.5423459141588045,
      0.07194393262652041,
      0.0029919133909099534,
      0.0033515398246217057,
      0.3763747866082335,
      0.0029919133909099534
    ],
    [
      0.7208688634318177,
      0.07515021877634344,
      0.002992454345367408,
      0.0033860124405226113,
      0.19460999666058157,
      0.002992454345367408
    ],
    [
      0.7228320041432876,
      0.07529825585101826,
      0.002992612435355186,
      0.003419964167459217,
      0.19246455096752457,
      0.002992612435355186
    ],
    [
      0.8132233328669428,
      0.07310564390329466,
      0.002992654934001256,
      0.0032962043928709953,
      0.10438950896888906,
      0.002992654934001256
    ],
    [
      0.8193604707646592,
      0.06580985003819614,
      0.0029925150198995935,
      0.003082121345992316,
      0.10576252781135319,
      0.0029925150198995935
    ],
    [
      0.42668288797115583,
      0.058257721851400275,
      0.00299166482580693,
      0.0031147689353104497,
      0.5059612915905195,
      0.00299166482580693
    ],
    [
      0.29273143338853524,
      0.06258437212705281,
      0.0029915288603717992,
      0.00336215085728612,
      0.6353389859063824,
      0.0029915288603717992
    ],
    [
      0.5949719210352125,
      0.07232983842620214,
      0.002992336486367083,
      0.003453322940681279,
      0.32326024462516995,
      0.002992336486367083
    ],
    [
      0.8147652929305357,
      0.07047795157805359,
      0.003889524940691929,
      0.0034636349906441337,
      0.10440874469567454,
      0.002994850864400131
    ],
    [
      0.8820541623306305,
      0.04752592086285898,
      0.007606492818103323,
      0.0033549854655655917,
      0.05646392984375698,
      0.0029945086790845454
    ],
    [
      0.9851924975320835,
      0.0029615004935834165,
      0.0029615004935834165,
      0.0029615004935834165,
      0.0029615004935834165,
      0.0029615004935834165
    ],
    [
      0.44689442355016246,
      0.023982231358914856,
      0.0054079295235752245,
      0.0029919169810629902,
      0.5177315816052215,
      0.0029919169810629902
    ],
    [
      0.434561319928634,
      0.02957671061757376,
      0.005396473864957097,
      0.002994539855135396,
      0.5244764158785645,
      0.002994539855135396
    ],
    [
      0.6591819941518736,
      0.041210856338107754,
      0.0034947249211186035,
      0.002995415181489639,
      0.2901215942259209,
      0.002995415181489639
    ],
    [
      0.5199165454788522,
      0.041932554489397415,
      0.0029933774707156914,
      0.0029933774707156914,
      0.42917076761960327,
      0.0029933774707156914
    ],
    [
      0.7947019114570966,
      0.04662931765973014,
      0.002993208300784401,
      0.002993208300784401,
      0.14968914598082023,
      0.002993208300784401
    ],
    [
      0.8348313121318774,
      0.05152722237121141,
      0.0029933359884998546,
      0.0030197826309743005,
      0.10463501088893726,
      0.0029933359884998546
    ],
    [
      0.8561934663864337,
      0.07109017557468124,
      0.002994040151369339,
      0.0033314536978117965,
      0.06339682403833473,
      0.002994040151369339
    ],
    [
      0.8340138089772433,
      0.0879251070344983,
      0.0034147868015551954,
      0.003671898560291345,
      0.01974163540177058,
      0.051232763224641334
    ],
    [
      0.6424054200974435,
      0.13006067821360798,
      0.004291602087569343,
      0.004606660717289954,
      0.06777813590413717,
      0.150857502979952
    ],
    [
      0.42805694398874117,
      0.22769838549132307,
      0.004621211559548921,
      0.007604934835177689,
      0.1812350675813197,
      0.1507834565438895
    ],
    [
      0.3146171460755808,
      0.2737666140664462,
      0.00456909674034842,
      0.009031143892083222,
      0.2971390771986087,
      0.10087692202693253
    ],
    [
      0.5101531569226159,
      0.23603336600244917,
      0.004662331709182692,
      0.007855247296228723,
      0.1403257410737567,
      0.10097015699576684
    ],
    [
      0.5053120361059994,
      0.12738065493587317,
      0.003715001870090584,
      0.0043375827793472824,
      0.10876082885146543,
      0.2504938954572242
    ],
    [
      0.002961500493583416,
      0.002961500493583416,
      0.002961500493583416,
      0.002961500493583416,
      0.002961500493583416,
      0.985192497532083
    ],
    [
      0.002961500493583416,
      0.002961500493583416,
      0.002961500493583416,
      0.002961500493583416,
      0.002961500493583416,
      0.985192497532083
    ],
    [
      0.7944825269147976,
      0.04281869205878624,
      0.0029971395294645753,
      0.0029971395294645753,
      0.055728178908981796,
      0.1009763230585053
    ],
    [
      0.9266248138058735,
      0.05295766445474182,
      0.0029935773364188037,
      0.0030200265684533906,
      0.011410340498093715,
      0.0029935773364188037
    ],
    [
      0.9035640703763215,
      0.07086906224161785,
      0.0029934744624267647,
      0.003219354437009408,
      0.016360564020197886,
      0.0029934744624267647
    ],
    [
      0.8505803489310593,
      0.08145851812820762,
      0.002993331004920261,
      0.0035060601293053994,
      0.058468410801587344,
      0.002993331004920261
    ],
    [
      0.7226495715148553,
      0.08229801107114493,
      0.0029931816468204957,
      0.003693001043450736,
      0.18537305307690807,
      0.0029931816468204957
    ],
    [
      0.5908081288222325,
      0.08079409550885458,
      0.002993188745399757,
      0.0037309578195103563,
      0.31868044035860316,
      0.002993188745399757
    ],
    [
      0.582315735202869,
      0.08247156799250806,
      0.002993334897989353,
      0.0036931902125522404,
      0.325532836796092,
      0.002993334897989353
    ],
    [
      0.6225104537577655,
      0.07602339237396197,
      0.0036984255892583816,
      0.0037048269178619558,
      0.29106771370553963,
      0.0029951876556127298
    ],
    [
      0.6982414063641377,
      0.04362291622629194,
      0.006442836239032653,
      0.00350541807258723,
      0.24519277699568878,
      0.002994646102261864
    ],
    [
      0.9851924975320835,
      0.0029615004935834165,
      0.0029615004935834165,
      0.0029615004935834165,
      0.0029615004935834165,
      0.0029615004935834165
    ]
  ],
  [
    [
      0.9851924975320835,
      0.0029615004935834165,
      0.0029615004935834165,
      0.0029615004935834165,
      0.0029615004935834165,
      0.0029615004935834165
    ],
    [
      0.43635154191594755,
      0.04575807875022512,
      0.005839569560327651,
      0.0029936760472704786,
      0.5060634576789588,
      0.0029936760472704786
    ],
    [
      0.35721974467750406,
      0.09289416031736925,
      0.0030629955752706243,
      0.004357243081594438,
      0.5394711078334856,
      0.0029947485147761854
    ],
    [
      0.654040557945034,
      0.141331811409637,
      0.002990031989660541,
      0.005476411913297441,
      0.19317115475271074,
      0.002990031989660541
    ],
    [
      0.7195668602323319,
      0.15194528630770962,
      0.002989325717913421,
      0.005392563457485283,
      0.11711663856664643,
      0.002989325717913421
    ],
    [
      0.653201754909973,
      0.15113583744021938,
      0.002988818324592667,
      0.005250387136471862,
      0.18443438386415056,
      0.002988818324592667
    ],
    [
      0.3984676118651632,
      0.1354626822307062,
      0.0029882781496436495,
      0.0052492787798906005,
      0.4548438708249527,
      0.0029882781496436495
    ],
    [
      0.6499096740880528,
      0.12122622243392733,
      0.002988808754795821,
      0.004480917326760229,
      0.21840556864166813,
      0.002988808754795821
    ],
    [
      0.7567164620696268,
      0.09778038218158136,
      0.002989804331187433,
      0.003887571670412971,
      0.1356359754160039,
      0.002989804331187433
    ],
    [
      0.5905917205610601,
      0.10383220485515401,
      0.0029902214573547803,
      0.00434898953417681,
      0.2952466421348996,
      0.0029902214573547803
    ],
    [
      0.2729486365356809,
      0.11870308867234797,
      0.002988764244234987,
      0.005129120517176932,
      0.5972416257863242,
      0.002988764244234987
    ],
    [
      0.37539650369742417,
      0.1321691844367955,
      0.0029882177929807818,
      0.00531791902856173,
      0.4811399572512573,
      0.0029882177929807818
    ],
    [
      0.7351375950490553,
      0.14357670915598736,
      0.00311061665160263,
      0.0051784998680716905,
      0.11000206375416771,
      0.0029945155211153745
    ],
    [
      0.7680759083780611,
      0.10426022370662118,
      0.010340787591614484,
      0.004059115686349158,
      0.11026945517612496,
      0.002994509461229217
    ],
    [
      0.5117436999165625,
      0.06274451641733779,
      0.011168300676132096,
      0.0029935410648110937,
      0.40835640086034536,
      0.0029935410648110937
    ],
    [
      0.9851924975320835,
      0.0029615004935834165,
      0.0029615004935834165,
      0.0029615004935834165,
      0.0029615004935834165,
      0.0029615004935834165
    ],
    [
      0.8166108770804473,
      0.024722815374191045,
      0.004932388015391469,
      0.002993272760613258,
      0.14774737400874366,
      0.002993272760613258
    ],
    [
      0.8049524422768191,
      0.03450126337674389,
      0.0051056895074942914,
      0.003029975510219488,
      0.1494156506444239,
      0.002994978684299505
    ],
    [
      0.7452497911553301,
      0.04816317899269629,
      0.002994479605695882,
      0.0030856723622427443,
      0.19751239827833916,
      0.002994479605695882
    ],
    [
      0.7385721694247753,
      0.05425375031443258,
      0.0029908937421163663,
      0.0030172691416735908,
      0.19817502363488593,
      0.0029908937421163663
    ],
    [
      0.5474568165486505,
      0.05743187311710994,
      0.002989555077935244,
      0.0030512014686061863,
      0.38608099870976287,
      0.002989555077935244
    ],
    [
      0.7515788123875579,
      0.07971561105187032,
      0.0029949254780831185,
      0.0032288933118748073,
      0.11138271198256273,
      0.05109904578805124
    ],
    [
      0.6590944303311793,
      0.11222313982892375,
      0.0029945172445350493,
      0.00394060992814671,
      0.02142501036778574,
      0.20032229229942933
    ],
    [
      0.002961500493583416,
      0.002961500493583416,
      0.002961500493583416,
      0.002961500493583416,
      0.002961500493583416,
      0.985192497532083
    ],
    [
      0.002961500493583416,
      0.002961500493583416,
      0.002961500493583416,
      0.002961500493583416,
      0.002961500493583416,
      0.985192497532083
    ],
    [
      0.2849019335420116,
      0.3264375850070084,
      0.0029940533248454465,
      0.012269510550189084,
      0.1732605828448969,
      0.2001363347310487
    ],
    [
      0.002961500493583416,
      0.002961500493583416,
      0.002961500493583416,
      0.002961500493583416,
      0.002961500493583416,
      0.985192497532083
    ],
    [
      0.5607570569302524,
      0.1312822227851785,
      0.0029942380577810393,
      0.004431640612314886,
      0.050540260426148655,
      0.24999458118832454
    ],
    [
      0.002961500493583416,
      0.002961500493583416,
      0.002961500493583416,
      0.002961500493583416,
      0.002961500493583416,
      0.985192497532083
    ],
    [
      0.19007060435767742,
      0.03263503943488818,
      0.002991833463218884,
      0.002991833463218884,
      0.5216715294421491,
      0.24963915983884757
    ],
    [
      0.6510548848781272,
      0.04756349062130536,
      0.002994360723709428,
      0.002994360723709428,
      0.24436212061159804,
      0.051030782441550536
    ],
    [
      0.8276835636364361,
      0.058706844357215744,
      0.002990138797895438,
      0.003016406956008914,
      0.10461290745454849,
      0.002990138797895438
    ],
    [
      0.7903944156120807,
      0.0910198283616653,
      0.0029904645041981077,
      0.0036433926308162253,
      0.10896143438704173,
      0.0029904645041981077
    ],
    [
      0.6866360746076582,
      0.14548718427547938,
      0.002990676170608511,
      0.01082055378406726,
      0.15107483499157817,
      0.002990676170608511
    ],
    [
      0.3665376944763295,
      0.16061031574647391,
      0.0029897790816674438,
      0.017593399087870942,
      0.44927903252599083,
      0.0029897790816674438
    ],
    [
      0.25951265501543125,
      0.17094059624960786,
      0.0029898412187762363,
      0.012739891462147043,
      0.5508271748352616,
      0.0029898412187762363
    ],
    [
      0.3741233236604741,
      0.16340443595219392,
      0.00299285620579482,
      0.006658602229985784,
      0.44982792574575664,
      0.00299285620579482
    ],
    [
      0.6623679571912208,
      0.12722924318019999,
      0.004709742956811237,
      0.005077511785392472,
      0.19762042715839914,
      0.0029951177279764563
    ],
    [
      0.5567552157730521,
      0.04747549379094618,
      0.0063838225580239456,
      0.003170210328311561,
      0.3832210156472626,
      0.002994241902403749
    ],
    [
      0.9851924975320835,
      0.0029615004935834165,
      0.0029615004935834165,
      0.0029615004935834165,
      0.0029615004935834165,
      0.0029615004935834165
    ]
  ],
  [
    [
      0.9851924975320835,
      0.0029615004935834165,
      0.0029615004935834165,
      0.0029615004935834165,
      0.0029615004935834165,
      0.0029615004935834165
    ],
    [
      0.5873193842656965,
      0.10619325625939866,
      0.016587693632138776,
      0.004621506623905005,
      0.2822834081437453,
      0.0029947510751159616
    ],
    [
      0.2988047486387646,
      0.21360223418983587,
      0.008136898158287761,
      0.008976751642927565,
      0.46748297723950283,
      0.002996390130681369
    ],
    [
      0.5552984239289853,
      0.2509748943415505,
      0.0029936503412257825,
      0.010280216576297647,
      0.177459164470715,
      0.0029936503412257825
    ],
    [
      0.6123266400294525,
      0.261332644286032,
      0.00299002870106696,
      0.009080830099577459,
      0.11127982818280442,
      0.00299002870106696
    ],
    [
      0.5260928289673321,
      0.26603555690368613,
      0.0029890304052526233,
      0.009017436968004187,
      0.19287611635047233,
      0.0029890304052526233
    ],
    [
      0.30393454228779704,
      0.23223831361468822,
      0.002988132483470382,
      0.00780056078047881,
      0.45005031835009524,
      0.002988132483470382
    ],
    [
      0.37561684639306675,
      0.15057960409910462,
      0.0029882689488287266,
      0.005626438178586248,
      0.4622005734315851,
      0.0029882689488287266
    ],
    [
      0.6210986945801709,
      0.1737527918441146,
      0.002991109054560326,
      0.0112738183770401,
      0.1878924770895539,
      0.002991109054560326
    ],
    [
      0.38803811998387966,
      0.2427235950662551,
      0.0029957264407571606,
      0.019210637375651148,
      0.3440361946927,
      0.0029957264407571606
    ],
    [
      0.5498770186723324,
      0.20012800185774732,
      0.0029909611508434097,
      0.012144411163962176,
      0.23186864600427123,
      0.0029909611508434097
    ],
    [
      0.5743973711825084,
      0.23677767270400057,
      0.0029886985876465357,
      0.008123181289973632,
      0.17472437764822427,
      0.0029886985876465357
    ],
    [
      0.6285050348365838,
      0.25169003857963496,
      0.002990709915934558,
      0.008585814336490041,
      0.10523769241542218,
      0.002990709915934558
    ],
    [
      0.6815172822637346,
      0.2102527850715546,
      0.0054457528814482415,
      0.007149109122460595,
      0.09264077468398343,
      0.002994295976818412
    ],
    [
      0.7842990795188217,
      0.09007896466403585,
      0.010984438495660994,
      0.0037018684980299078,
      0.10794145207157965,
      0.002994196751871857
    ],
    [
      0.9032198462168064,
      0.03097481445930872,
      0.007003614819752257,
      0.002992410818223642,
      0.05281690286768524,
      0.002992410818223642
    ],
    [
      0.9851924975320835,
      0.0029615004935834165,
      0.0029615004935834165,
      0.0029615004935834165,
      0.0029615004935834165,
      0.0029615004935834165
    ],
    [
      0.8533073144860314,
      0.031093442764988866,
      0.006500813045920808,
      0.003005049743583123,
      0.10309917113440596,
      0.002994208825069845
    ],
    [
      0.5519118602024128,
      0.0494478944018904,
      0.006027183524680229,
      0.0031668979699396907,
      0.386451696051964,
      0.0029944678491128857
    ],
    [
      0.7507463609429776,
      0.08165739813389103,
      0.002993946472624271,
      0.0034422100474849862,
      0.15816613793039783,
      0.002993946472624271
    ],
    [
      0.7470085676955383,
      0.08373891593211578,
      0.002994920319862209,
      0.0033401724433475416,
      0.11182018815029511,
      0.05109723545884104
    ],
    [
      0.6152506747271921,
      0.06699403578063692,
      0.0029934757340061074,
      0.0029934757340061074,
      0.06178934942376086,
      0.24997898860039794
    ],
    [
      0.002961500493583416,
      0.002961500493583416,
      0.002961500493583416,
      0.002961500493583416,
      0.002961500493583416,
      0.985192497532083
    ],
    [
      0.43234919831654306,
      0.21508950970283378,
      0.002994131639904601,
      0.007287827513872328,
      0.042586670577056875,
      0.29969266224978924
    ],
    [
      0.45591386203856854,
      0.28948857556577423,
      0.002994683279560784,
      0.010050045742042808,
      0.09103544647719439,
      0.1505173868968592
    ],
    [
      0.37637908259270203,
      0.2941077777056289,
      0.002994389898311087,
      0.010143697474547197,
      0.21571717610694363,
      0.10065787622186712
    ],
    [
      0.28068249755273805,
      0.23519405094452359,
      0.0029939501799256,
      0.007728070131659639,
      0.37286526438623535,
      0.10053616680491792
    ],
    [
      0.6360815971993337,
      0.1356726459691465,
      0.002994329308919292,
      0.0046272174247659606,
      0.11994868052988814,
      0.10067552956794626
    ],
    [
      0.6631327677180611,
      0.07364429531317959,
      0.0029943533199234445,
      0.0031248349236664384,
      0.156419393032244,
      0.10068435569292565
    ],
    [
      0.28172848164383285,
      0.04137687401068057,
      0.002993637101471682,
      0.002993637101471682,
      0.6201300302100772,
      0.05077733993246604
    ],
    [
      0.32710449264026353,
      0.044033675824503175,
      0.002988395601678317,
      0.002988395601678317,
      0.6198966447301986,
      0.002988395601678317
    ],
    [
      0.6786814781762776,
      0.06621884628976121,
      0.0029891894415991385,
      0.003087431523956722,
      0.24603386512680617,
      0.0029891894415991385
    ],
    [
      0.5111110491445053,
      0.09976663331889488,
      0.0029897359442619814,
      0.0040290843310902035,
      0.3791137613169859,
      0.0029897359442619814
    ],
    [
      0.6073559444853937,
      0.2076914409321106,
      0.0029931864803795943,
      0.018506460035096227,
      0.1604597815866403,
      0.0029931864803795943
    ],
    [
      0.43763863798547387,
      0.2899086696569157,
      0.002991646970129919,
      0.05492195541442647,
      0.21154744300292408,
      0.002991646970129919
    ],
    [
      0.2268964906576938,
      0.3543199120838604,
      0.006459302719453534,
      0.025653716550163436,
      0.383674111869056,
      0.002996466119772986
    ],
    [
      0.45489030997136876,
      0.30480941788762606,
      0.013828095952552365,
      0.01200820099743611,
      0.21146726913957992,
      0.0029967060514368015
    ],
    [
      0.7337016266853185,
      0.12903715222278406,
      0.015908515597798115,
      0.005313311525410794,
      0.11304393448325445,
      0.0029954594854342195
    ],
    [
      0.836304929690585,
      0.043865929967689066,
      0.008121132297366919,
      0.003227879576750804,
      0.10548581475634541,
      0.0029943137112627563
    ],
    [
      0.9851924975320835,
      0.0029615004935834165,
      0.0029615004935834165,
      0.0029615004935834165,
      0.0029615004935834165,
      0.0029615004935834165
    ]
  ],
  [
    [
      0.9851924975320835,
      0.0029615004935834165,
      0.0029615004935834165,
      0.0029615004935834165,
      0.0029615004935834165,
      0.0029615004935834165
    ],
    [
      0.4537996951806449,
      0.1911878578304043,
      0.04426939267632609,
      0.00937065695455302,
      0.29837777428427065,
      0.0029946230738011883
    ],
    [
      0.4090947925743376,
      0.3434005871249969,
      0.016175041306602352,
      0.013250967404929042,
      0.21508184944958686,
      0.002996762139547202
    ],
    [
      0.412342922274071,
      0.3718488908294702,
      0.0029958182912587536,
      0.013187775499152742,
      0.19662877481478858,
      0.0029958182912587536
    ],
    [
      0.32149345403819,
      0.33639483764552763,
      0.002991891749368638,
      0.011449728479689543,
      0.3246781963378556,
      0.002991891749368638
    ],
    [
      0.39486316859953885,
      0.3697816047424325,
      0.0029919272773960485,
      0.013628698594037682,
      0.21574267350919907,
      0.0029919272773960485
    ],
    [
      0.5583029973759628,
      0.2628266888626803,
      0.002988958734816357,
      0.008933962576645384,
      0.16395843371507876,
      0.002988958734816357
    ],
    [
      0.6515399788134025,
      0.18601565947223145,
      0.002989090985680846,
      0.006274186991441928,
      0.1501919927515626,
      0.002989090985680846
    ],
    [
      0.5136447093885694,
      0.29573224099720014,
      0.002993707975939605,
      0.02032249235987912,
      0.16431314130247218,
      0.002993707975939605
    ],
    [
      0.31588980442921394,
      0.35485571096604196,
      0.0029956066000264205,
      0.05235642242460637,
      0.27090684898008505,
      0.0029956066000264205
    ],
    [
      0.526743964889208,
      0.31897587337379857,
      0.0029936050260434663,
      0.020966310711864267,
      0.12732664097304236,
      0.0029936050260434663
    ],
    [
      0.6361936109299299,
      0.2764465079449476,
      0.0029889407487229142,
      0.00933694228476132,
      0.0720450573429155,
      0.0029889407487229142
    ],
    [
      0.5443513923774923,
      0.31089255358995743,
      0.002987936626499039,
      0.01144043081883181,
      0.12733974996072037,
      0.002987936626499039
    ],
    [
      0.6877592657523773,
      0.2353286741446226,
      0.003665720896909177,
      0.00809775361387164,
      0.06215446751972455,
      0.0029941180724947013
    ],
    [
      0.8677994194325902,
      0.09440454913300245,
      0.009384455908200905,
      0.0037312748763046644,
      0.02168627120333852,
      0.002994029446563334
    ],
    [
      0.9851924975320835,
      0.0029615004935834165,
      0.0029615004935834165,
      0.0029615004935834165,
      0.0029615004935834165,
      0.0029615004935834165
    ],
    [
      0.9851924975320835,
      0.0029615004935834165,
      0.0029615004935834165,
      0.0029615004935834165,
      0.0029615004935834165,
      0.0029615004935834165
    ],
    [
      0.9851924975320835,
      0.0029615004935834165,
      0.0029615004935834165,
      0.0029615004935834165,
      0.0029615004935834165,
      0.0029615004935834165
    ],
    [
      0.7944399491327153,
      0.07718343496187964,
      0.009681295870974856,
      0.0033769545352370536,
      0.1123239738950183,
      0.002994391604174733
    ],
    [
      0.7358330227563141,
      0.1323821776656708,
      0.0036297012498236725,
      0.00466691313833607,
      0.07236664056372524,
      0.05112154462613005
    ],
    [
      0.6452011126139494,
      0.12414796408161176,
      0.00299444398241047,
      0.004278108331128397,
      0.023085445081487316,
      0.20029292590941258
    ],
    [
      0.002961500493583416,
      0.002961500493583416,
      0.002961500493583416,
      0.002961500493583416,
      0.002961500493583416,
      0.985192497532083
    ],
    [
      0.002961500493583416,
      0.002961500493583416,
      0.002961500493583416,
      0.002961500493583416,
      0.002961500493583416,
      0.985192497532083
    ],
    [
      0.5132721221278018,
      0.2700018296756817,
      0.0029949713843918525,
      0.00922260698862011,
      0.053938817950780885,
      0.15056965187272361
    ],
    [
      0.4150698282161354,
      0.41382610730567215,
