[
  [
    [
      0.9851924975320835,
      0.0029615004935834165,
      0.0029615004935834165,
      0.0029615004935834165,
      0.0029615004935834165,
      0.0029615004935834165
    ],
    [
      0.9851924975320835,
      0.0029615004935834165,
      0.0029615004935834165,
      0.0029615004935834165,
      0.0029615004935834165,
      0.0029615004935834165
    ],
    [
      0.9851924975320835,
      0.0029615004935834165,
      0.0029615004935834165,
      0.0029615004935834165,
      0.0029615004935834165,
      0.0029615004935834165
    ],
    [
      0.9851924975320835,
      0.0029615004935834165,
      0.0029615004935834165,
      0.0029615004935834165,
      0.0029615004935834165,
      0.0029615004935834165
    ],
    [
      0.9851924975320835,
      0.0029615004935834165,
      0.0029615004935834165,
      0.0029615004935834165,
      0.0029615004935834165,
      0.0029615004935834165
    ],
    [
      0.9851924975320835,
      0.0029615004935834165,
      0.0029615004935834165,
      0.0029615004935834165,
      0.0029615004935834165,
      0.0029615004935834165
    ],
    [
      0.9851924975320835,
      0.0029615004935834165,
      0.0029615004935834165,
      0.0029615004935834165,
      0.0029615004935834165,
      0.0029615004935834165
    ],
    [
      0.9851924975320835,
      0.0029615004935834165,
      0.0029615004935834165,
      0.0029615004935834165,
      0.0029615004935834165,
      0.0029615004935834165
    ],
    [
      0.9851924975320835,
      0.0029615004935834165,
      0.0029615004935834165,
      0.0029615004935834165,
      0.0029615004935834165,
      0.0029615004935834165
    ],
    [
      0.9851924975320835,
      0.0029615004935834165,
      0.0029615004935834165,
      0.0029615004935834165,
      0.0029615004935834165,
      0.0029615004935834165
    ],
    [
      0.9851924975320835,
      0.0029615004935834165,
      0.0029615004935834165,
      0.0029615004935834165,
      0.0029615004935834165,
      0.0029615004935834165
    ],
    [
      0.9851924975320835,
      0.0029615004935834165,
      0.0029615004935834165,
      0.0029615004935834165,
      0.0029615004935834165,
      0.0029615004935834165
    ],
    [
      0.9851924975320835,
      0.0029615004935834165,
      0.0029615004935834165,
      0.0029615004935834165,
      0.0029615004935834165,
      0.0029615004935834165
    ],
    [
      0.9851924975320835,
      0.0029615004935834165,
      0.0029615004935834165,
      0.0029615004935834165,
      0.0029615004935834165,
      0.0029615004935834165
    ],
    [
      0.9851924975320835,
      0.0029615004935834165,
      0.0029615004935834165,
      0.0029615004935834165,
      0.0029615004935834165,
      0.0029615004935834165
    ],
    [
      0.9851924975320835,
      0.0029615004935834165,
      0.0029615004935834165,
      0.0029615004935834165,
      0.0029615004935834165,
      0.0029615004935834165
    ],
    [
      0.9851924975320835,
      0.0029615004935834165,
      0.0029615004935834165,
      0.0029615004935834165,
      0.0029615004935834165,
      0.0029615004935834165
    ],
    [
      0.9851924975320835,
      0.0029615004935834165,
      0.0029615004935834165,
      0.0029615004935834165,
      0.0029615004935834165,
      0.0029615004935834165
    ],
    [
      0.9851924975320835,
      0.0029615004935834165,
      0.0029615004935834165,
      0.0029615004935834165,
      0.0029615004935834165,
      0.0029615004935834165
    ],
    [
      0.9851924975320835,
      0.0029615004935834165,
      0.0029615004935834165,
      0.0029615004935834165,
      0.0029615004935834165,
      0.0029615004935834165
    ],
    [
      0.9851924975320835,
      0.0029615004935834165,
      0.0029615004935834165,
      0.0029615004935834165,
      0.0029615004935834165,
      0.0029615004935834165
    ],
    [
      0.9851924975320835,
      0.0029615004935834165,
      0.0029615004935834165,
      0.0029615004935834165,
      0.0029615004935834165,
      0.0029615004935834165
    ],
    [
      0.9851924975320835,
      0.0029615004935834165,
      0.0029615004935834165,
      0.0029615004935834165,
      0.0029615004935834165,
      0.0029615004935834165
    ],
    [
      0.9851924975320835,
      0.0029615004935834165,
      0.0029615004935834165,
      0.0029615004935834165,
      0.0029615004935834165,
      0.0029615004935834165
    ],
    [
      0.9851924975320835,
      0.0029615004935834165,
      0.0029615004935834165,
      0.0029615004935834165,
      0.0029615004935834165,
      0.0029615004935834165
    ],
    [
      0.9851924975320835,
      0.0029615004935834165,
      0.0029615004935834165,
      0.0029615004935834165,
      0.0029615004935834165,
      0.0029615004935834165
    ],
    [
      0.9851924975320835,
      0.0029615004935834165,
      0.0029615004935834165,
      0.0029615004935834165,
      0.0029615004935834165,
      0.0029615004935834165
    ],
    [
      0.9851924975320835,
      0.0029615004935834165,
      0.0029615004935834165,
      0.0029615004935834165,
      0.0029615004935834165,
      0.0029615004935834165
    ],
    [
      0.9851924975320835,
      0.0029615004935834165,
      0.0029615004935834165,
      0.0029615004935834165,
      0.0029615004935834165,
      0.0029615004935834165
    ],
    [
      0.9851924975320835,
      0.0029615004935834165,
      0.0029615004935834165,
      0.0029615004935834165,
      0.0029615004935834165,
      0.0029615004935834165
    ],
    [
      0.9851924975320835,
      0.0029615004935834165,
      0.0029615004935834165,
      0.0029615004935834165,
      0.0029615004935834165,
      0.0029615004935834165
    ],
    [
      0.9851924975320835,
      0.0029615004935834165,
      0.0029615004935834165,
      0.0029615004935834165,
      0.0029615004935834165,
      0.0029615004935834165
    ],
    [
      0.9851924975320835,
      0.0029615004935834165,
      0.0029615004935834165,
      0.0029615004935834165,
      0.0029615004935834165,
      0.0029615004935834165
    ],
    [
      0.9851924975320835,
      0.0029615004935834165,
      0.0029615004935834165,
      0.0029615004935834165,
      0.0029615004935834165,
      0.0029615004935834165
    ],
    [
      0.9851924975320835,
      0.0029615004935834165,
      0.0029615004935834165,
      0.0029615004935834165,
      0.0029615004935834165,
      0.0029615004935834165
    ],
    [
      0.9851924975320835,
      0.0029615004935834165,
      0.0029615004935834165,
      0.0029615004935834165,
      0.0029615004935834165,
      0.0029615004935834165
    ],
    [
      0.9851924975320835,
      0.0029615004935834165,
      0.0029615004935834165,
      0.0029615004935834165,
      0.0029615004935834165,
      0.0029615004935834165
    ],
    [
      0.9851924975320835,
      0.0029615004935834165,
      0.0029615004935834165,
      0.0029615004935834165,
      0.0029615004935834165,
      0.0029615004935834165
    ],
    [
      0.9851924975320835,
      0.0029615004935834165,
      0.0029615004935834165,
      0.0029615004935834165,
      0.0029615004935834165,
      0.0029615004935834165
    ],
    [
      0.9851924975320835,
      0.0029615004935834165,
      0.0029615004935834165,
      0.0029615004935834165,
      0.0029615004935834165,
      0.0029615004935834165
    ]
  ],
  [
    [
      0.9851924975320835,
      0.0029615004935834165,
      0.0029615004935834165,
      0.0029615004935834165,
      0.0029615004935834165,
      0.0029615004935834165
    ],
    [
      0.8944904039824245,
      0.039489130212586925,
      0.007557274971683764,
      0.0033589965142877113,
      0.0521099647620336,
      0.002994229556983486
    ],
    [
      0.8352586117707839,
      0.0544996226172124,
      0.007792285332836242,
      0.004249932123680661,
      0.09520491832214185,
      0.002994629833345058
    ],
    [
      0.8320553157319021,
      0.058251557525421736,
      0.006932066861625103,
      0.00437000685716169,
      0.09539643836780266,
      0.0029946146560869275
    ],
    [
      0.8366252404436184,
      0.05422861937435509,
      0.006933800947138009,
      0.0042587408564654225,
      0.09495897856516813,
      0.002994619813254985
    ],
    [
      0.8433596292202403,
      0.0438549716679832,
      0.006475254150558686,
      0.0037663835492277435,
      0.0995491376860171,
      0.0029946237259729064
    ],
    [
      0.8571566066844043,
      0.030578970737383655,
      0.004637393172331817,
      0.002993772528739094,
      0.10163948434840206,
      0.002993772528739094
    ],
    [
      0.7677866524731088,
      0.02609692163485021,
      0.00384541307391599,
      0.0029932539453381654,
      0.1962845049274487,
      0.0029932539453381654
    ],
    [
      0.48500920430471905,
      0.022327194787725924,
      0.0029932452727810047,
      0.0029932452727810047,
      0.4836838650892121,
      0.0029932452727810047
    ],
    [
      0.6764193697367642,
      0.026101458726045607,
      0.003187271516837794,
      0.0029950548686514997,
      0.2883017902830496,
      0.0029950548686514997
    ],
    [
      0.39480576457157557,
      0.027880064091777627,
      0.004145963616890963,
      0.0029936272027058643,
      0.5671809533143441,
      0.0029936272027058643
    ],
    [
      0.43831908932543806,
      0.030009838818370986,
      0.004335999940920192,
      0.002993264140209734,
      0.5213485436348515,
      0.002993264140209734
    ],
    [
      0.8548061285912828,
      0.03304977625133981,
      0.0042424594297208506,
      0.002993290518530696,
      0.10191505469059517,
      0.002993290518530696
    ],
    [
      0.9471093616792936,
      0.03387331806568026,
      0.004205445463379428,
      0.0029932432690607342,
      0.00882538825352538,
      0.0029932432690607342
    ],
    [
      0.9482481191112747,
      0.03296800655428108,
      0.004189824505865544,
      0.0029931439794901706,
      0.008607761869598251,
      0.0029931439794901706
    ],
    [
      0.8552499680066484,
      0.0326284709249416,
      0.004209700320994984,
      0.0029931137087511684,
      0.10192563332991281,
      0.0029931137087511684
    ],
    [
      0.5745401964661897,
      0.03296777252087427,
      0.0042927601870688305,
      0.002993171824984146,
      0.38221292717589916,
      0.002993171824984146
    ],
    [
      0.8552499680066482,
      0.03262847092494159,
      0.0042097003209949834,
      0.0029931137087511675,
      0.10192563332991281,
      0.0029931137087511675
    ],
    [
      0.950451977678643,
      0.03128059788759975,
      0.004183384011844649,
      0.002993098347863277,
      0.008097843726186204,
      0.002993098347863277
    ],
    [
      0.9537210071827308,
      0.028811037093457285,
      0.004186123215091417,
      0.0029931063692720415,
      0.007295619770176303,
      0.0029931063692720415
    ],
    [
      0.9064321085442018,
      0.029896109111357136,
      0.004630115231031818,
      0.002993723963143978,
      0.0530542191871214,
      0.002993723963143978
    ],
    [
      0.751911092631155,
      0.04099865155908351,
      0.00608763547463925,
      0.0034573808455062934,
      0.1945508184502842,
      0.002994421039331957
    ],
    [
      0.42336189095953203,
      0.04575368845974329,
      0.005116535993519767,
      0.002993888768483367,
      0.5197801070502384,
      0.002993888768483367
    ],
    [
      0.3671959404969194,
      0.05451059342515122,
      0.004770484190458514,
      0.002993698155815626,
      0.5675355855758397,
      0.002993698155815626
    ],
    [
      0.360852827795329,
      0.06049317151558326,
      0.004770745687866706,
      0.0030262397283679623,
      0.5678631282997602,
      0.002993886973093061
    ],
    [
      0.457108186710368,
      0.0560735536636016,
      0.005131188338006045,
      0.0031538755163419874,
      0.4755391866627315,
      0.002994009108950933
    ],
    [
      0.8282466418987375,
      0.051295726541971655,
      0.007002625034136251,
      0.003943360781250734,
      0.10651713385506577,
      0.002994511888838009
    ],
    [
      0.8909054419109314,
      0.03728123918747253,
      0.006998949686178996,
      0.003585777872868721,
      0.05823430225634978,
      0.002994289086198648
    ],
    [
      0.9851924975320835,
      0.0029615004935834165,
      0.0029615004935834165,
      0.0029615004935834165,
      0.0029615004935834165,
      0.0029615004935834165
    ],
    [
      0.9851924975320835,
      0.0029615004935834165,
      0.0029615004935834165,
      0.0029615004935834165,
      0.0029615004935834165,
      0.0029615004935834165
    ],
    [
      0.7327239477098113,
      0.153563934623642,
      0.06259220544553605,
      0.009784221581268586,
      0.03834147529279785,
      0.0029942153469442708
    ],
    [
      0.6582738717901011,
      0.2057774106430276,
      0.06786609056736935,
      0.012005738968084437,
      0.05308226128911172,
      0.0029946267423059114
    ],
    [
      0.7068586742504971,
      0.18249326939831217,
      0.054196588949855865,
      0.009939882263037556,
      0.043516947217450856,
      0.002994637920846725
    ],
    [
      0.8084146222790366,
      0.09728668654079267,
      0.019260104695083678,
      0.004468498504600953,
      0.06757544818989336,
      0.0029946397905927687
    ],
    [
      0.7895747093668433,
      0.04758546925251388,
      0.00720902514121152,
      0.0034876734455684673,
      0.14914856157828665,
      0.0029945612155763573
    ],
    [
      0.7678204275111006,
      0.029006798558426337,
      0.0045990186668862145,
      0.0029936318894253464,
      0.19258649148473622,
      0.0029936318894253464
    ],
    [
      0.8179278915251359,
      0.02575723538196002,
      0.00406285244563962,
      0.002993695275995093,
      0.14626463009527424,
      0.002993695275995093
    ],
    [
      0.9144618537902298,
      0.025042989659384864,
      0.00365770244854707,
      0.0029960541579519286,
      0.05084534578593443,
      0.0029960541579519286
    ],
    [
      0.9681254835738019,
      0.019781252360860688,
      0.0031105921736768617,
      0.0029942239638868543,
      0.0029942239638868543,
      0.0029942239638868543
    ],
    [
      0.9851924975320835,
      0.0029615004935834165,
      0.0029615004935834165,
      0.0029615004935834165,
      0.0029615004935834165,
      0.0029615004935834165
    ]
  ],
  [
    [
      0.9851924975320835,
      0.0029615004935834165,
      0.0029615004935834165,
      0.0029615004935834165,
      0.0029615004935834165,
      0.0029615004935834165
    ],
    [
      0.7764931710335051,
      0.09326413969160309,
      0.019727576145262722,
      0.004655897640620412,
      0.10286460578895992,
      0.002994609700048809
    ],
    [
      0.48199964622744906,
      0.14753458277935097,
      0.010010414649399862,
      0.006689428626460143,
      0.3507711293140845,
      0.00299479840325552
    ],
    [
      0.6380059893650457,
      0.15887709451011423,
      0.0032210889541738528,
      0.006329055831962864,
      0.19057182610719645,
      0.0029949452315068945
    ],
    [
      0.4764560074989254,
      0.12197587986556631,
      0.0031484366386280564,
      0.005594929088741137,
      0.3898300185677127,
      0.002994728340426356
    ],
    [
      0.6345888563062745,
      0.07533385764466483,
      0.0029948662443100363,
      0.003836272147828554,
      0.2802512814126121,
      0.0029948662443100363
    ],
    [
      0.4686753849184892,
      0.04659473898024828,
      0.002993069811967982,
      0.003122148734805609,
      0.47562158774252117,
      0.002993069811967982
    ],
    [
      0.6095491608028537,
      0.043871679218677115,
      0.002992466307006176,
      0.002992466307006176,
      0.3376017610574506,
      0.002992466307006176
    ],
    [
      0.4249290932604081,
      0.04108345735395702,
      0.0029916552415534797,
      0.0029916552415534797,
      0.5250124836609745,
      0.0029916552415534797
    ],
    [
      0.6549642498135657,
      0.045326238655811396,
      0.0029926890944948145,
      0.0029926890944948145,
      0.2907314442471386,
      0.0029926890944948145
    ],
    [
      0.37912008076029474,
      0.04251221333075783,
      0.0029926377281589774,
      0.0029926377281589774,
      0.5693897927244704,
      0.0029926377281589774
    ],
    [
      0.5592773552593256,
      0.04940966680316428,
      0.002993140187416935,
      0.003010765772750505,
      0.38231593178992573,
      0.002993140187416935
    ],
    [
      0.723981745620502,
      0.06849080281293594,
      0.0029931893962306237,
      0.00320140945658282,
      0.19833966331751807,
      0.0029931893962306237
    ],
    [
      0.847649819345154,
      0.08041151805325215,
      0.002993180519635062,
      0.0034114605330847953,
      0.0625408410292388,
      0.002993180519635062
    ],
    [
      0.8537046521331334,
      0.07842770179882236,
      0.002992732541331719,
      0.003434024258406994,
      0.05844815672697376,
      0.002992732541331719
    ],
    [
      0.7695978583325236,
      0.07524053792564418,
      0.002992561374545096,
      0.00341990578602012,
      0.14575657520672203,
      0.002992561374545096
    ],
    [
      0.7624041099094497,
      0.07673747906565294,
      0.0029926969066281766,
      0.0033863347244032435,
      0.15148668248723773,
      0.0029926969066281766
    ],
    [
      0.8527985520958837,
      0.07454482566632448,
      0.002992739407673483,
      0.0032625709788563465,
      0.0634085724435885,
      0.002992739407673483
    ],
    [
      0.8662634869617227,
      0.06299957680626576,
      0.002992623840221014,
      0.0030822089895375755,
      0.06166947956203196,
      0.002992623840221014
    ],
    [
      0.7940487451739862,
      0.04581014641750441,
      0.002992498014920514,
      0.002992498014920514,
      0.15116361436374784,
      0.002992498014920514
    ],
    [
      0.7042440330814107,
      0.045213517224516005,
      0.002992994622246563,
      0.003103661706381444,
      0.24145279874319894,
      0.002992994622246563
    ],
    [
      0.455318283617544,
      0.0660475647911439,
      0.002993297694464734,
      0.0034858430410698174,
      0.46916171316131294,
      0.002993297694464734
    ],
    [
      0.6138193012591678,
      0.12369577516545563,
      0.0029933406369561173,
      0.004607463623423,
      0.2518907786780413,
      0.0029933406369561173
    ],
    [
      0.6011158917907982,
      0.173970136328461,
      0.0029928879812712193,
      0.005693315706697309,
      0.2132348802115012,
      0.0029928879812712193
    ],
    [
      0.547542794327466,
      0.22308451589338826,
      0.0029928798452463585,
      0.006670969479197412,
      0.21671596060945558,
      0.0029928798452463585
    ],
    [
      0.6065863310315901,
      0.17334114998774552,
      0.002993403381554735,
      0.005839497499940069,
      0.208246214717615,
      0.002993403381554735
    ],
    [
      0.6711474633581074,
      0.12027214378079809,
      0.0038040073619657307,
      0.005065012179446437,
      0.19671674630880645,
      0.002994627010875994
    ],
    [
      0.6905157154291957,
      0.055401413078827254,
      0.006998992673645859,
      0.004245553497338469,
      0.23984377140587315,
      0.0029945539151195262
    ],
    [
      0.48772250684357854,
      0.029724607695592445,
      0.006224411554650448,
      0.0029931270987967125,
      0.47034221970858525,
      0.0029931270987967125
    ],
    [
      0.9851924975320835,
      0.0029615004935834165,
      0.0029615004935834165,
      0.0029615004935834165,
      0.0029615004935834165,
      0.0029615004935834165
    ],
    [
      0.5849441918843967,
      0.21044167743823766,
      0.06876910982419698,
      0.012115887391579386,
      0.12073444403717763,
      0.002994689424411691
    ],
    [
      0.43084389691304886,
      0.35800779295951685,
      0.03717969994257354,
      0.01585941996794274,
      0.15511432975999623,
      0.0029948604569218127
    ],
    [
      0.5828393282127252,
      0.29596594313114327,
      0.017563982149158254,
      0.011090957997416153,
      0.08954480368167653,
      0.002994984827880661
    ],
    [
      0.6978258407466408,
      0.16370678965861177,
      0.008657806742302432,
      0.006060432600574346,
      0.12075409245607077,
      0.0029950377958000256
    ],
    [
      0.4019702480523475,
      0.07461740425425974,
      0.0032601321706896137,
      0.0035955741347435378,
      0.5135620198363458,
      0.002994621551613865
    ],
    [
      0.2876404644000325,
      0.043591412429594946,
      0.0029926002319396712,
      0.0031128408518574296,
      0.6596700818546358,
      0.0029926002319396712
    ],
    [
      0.43095429998407286,
      0.03839300270530215,
      0.00299359466657603,
      0.00299359466657603,
      0.521671913310897,
      0.00299359466657603
    ],
    [
      0.8565809078041496,
      0.035350442749508826,
      0.0033761112374968852,
      0.0029988119217057747,
      0.09869491436543326,
      0.0029988119217057747
    ],
    [
      0.9620691308020822,
      0.02488535073116397,
      0.0035819939000508315,
      0.002996786402719987,
      0.003469951761262975,
      0.002996786402719987
    ],
    [
      0.9851924975320835,
      0.0029615004935834165,
      0.0029615004935834165,
      0.0029615004935834165,
      0.0029615004935834165,
      0.0029615004935834165
    ]
  ],
  [
    [
      0.9851924975320835,
      0.0029615004935834165,
      0.0029615004935834165,
      0.0029615004935834165,
      0.0029615004935834165,
      0.0029615004935834165
    ],
    [
      0.6669144718037214,
      0.17812822531425432,
      0.054172915479385415,
      0.00986429480320399,
      0.08792552192740401,
      0.002994570672030772
    ],
    [
      0.5024411305529953,
      0.28529157177020026,
      0.017512339721263117,
      0.010881717462934726,
      0.18087840766331365,
      0.002994832829293119
    ],
    [
      0.5179766437839108,
      0.2732783437635627,
      0.0029894943967764477,
      0.009165177408131388,
      0.19360084625084226,
      0.0029894943967764477
    ],
    [
      0.5551699046057752,
      0.1623209629134533,
      0.0029894467172513753,
      0.005667586666029461,
      0.2708626523802393,
      0.0029894467172513753
    ],
    [
      0.3167123870060875,
      0.07933379614895618,
      0.002988839339857568,
      0.0034937231171421456,
      0.5944824150480993,
      0.002988839339857568
    ],
    [
      0.5156052183169337,
      0.053240022834834956,
      0.0029893581496459954,
      0.002997955372459557,
      0.4221780871764798,
      0.0029893581496459954
    ],
    [
      0.42446779866630907,
      0.04557043838723346,
      0.002989085465024782,
      0.002989085465024782,
      0.5209945065513831,
      0.002989085465024782
    ],
    [
      0.7435121272885198,
      0.050618171449364105,
      0.0029899032220591024,
      0.0029899032220591024,
      0.196899991595939,
      0.0029899032220591024
    ],
    [
      0.7878093697998793,
      0.053750373854429025,
      0.0029900322014174067,
      0.0029900322014174067,
      0.1494701597414396,
      0.0029900322014174067
    ],
    [
      0.6062924475896188,
      0.05202829440841366,
      0.0029895920738928386,
      0.0029895920738928386,
      0.3327104817802891,
      0.0029895920738928386
    ],
    [
      0.2849236185690941,
      0.05090222091698097,
      0.002988748410594046,
      0.0029973667154847223,
      0.6551992969772523,
      0.002988748410594046
    ],
    [
      0.4018601081088425,
      0.07774849965210516,
      0.0029890151337738785,
      0.0033450157972500154,
      0.5110683461742547,
      0.0029890151337738785
    ],
    [
      0.7134679156104915,
      0.13829038449833297,
      0.002989627452637918,
      0.004670024070529604,
      0.13759242091537008,
      0.002989627452637918
    ],
    [
      0.6622883631429034,
      0.1690901911041583,
      0.0029891843282495935,
      0.005462802391606438,
      0.1571802747048328,
      0.0029891843282495935
    ],
    [
      0.4333001321276924,
      0.17415945550197917,
      0.002988699040964608,
      0.006032959288623972,
      0.3805300549997754,
      0.002988699040964608
    ],
    [
      0.7127693123361412,
      0.16586489167650134,
      0.0029891670289278432,
      0.005452600924855161,
      0.10993486100464672,
      0.0029891670289278432
    ],
    [
      0.8356969309557246,
      0.13006471608150885,
      0.0029893106021633767,
      0.004432814611889317,
      0.02382691714655069,
      0.0029893106021633767
    ],
    [
      0.8017961647597754,
      0.07787224409079321,
      0.002989256741988155,
      0.0032585993352613326,
      0.11109447833019388,
      0.002989256741988155
    ],
    [
      0.41570030415036036,
      0.047887268220749284,
      0.0029884088316449544,
      0.0029884088316449544,
      0.5274472011339556,
      0.0029884088316449544
    ],
    [
      0.32702888862425195,
      0.04525756609801605,
      0.0029882144876610187,
      0.0029882144876610187,
      0.6187489018147492,
      0.0029882144876610187
    ],
    [
      0.6585750276912665,
      0.08401499983312001,
      0.0029889576049277234,
      0.0034434793878545715,
      0.24798857787790363,
      0.0029889576049277234
    ],
    [
      0.7332604215267124,
      0.1808619294910655,
      0.00298920586440177,
      0.0056861848803470135,
      0.07421305237307155,
      0.00298920586440177
    ],
    [
      0.5930431721222548,
      0.33757602142475845,
      0.002989143023648752,
      0.009990779138750568,
      0.053411741266938914,
      0.002989143023648752
    ],
    [
      0.5138636295124211,
      0.37800237047405094,
      0.0029890243334594747,
      0.017189472568929838,
      0.08496647877767911,
      0.0029890243334594747
    ],
    [
      0.47072743547934476,
      0.32477519011813655,
      0.0029888248052928126,
      0.0207640912238118,
      0.17775563356812119,
      0.0029888248052928126
    ],
    [
      0.30855159194222964,
      0.16146852763182543,
      0.0029895526014495247,
      0.011393501942197265,
      0.5126072732808487,
      0.0029895526014495247
    ],
    [
      0.3196850376602006,
      0.0740311595439154,
      0.0030217671811303263,
      0.003846809105494678,
      0.5964210859019363,
      0.0029941406073226364
    ],
    [
      0.6031969066630173,
      0.05433706942076293,
      0.00728598630569713,
      0.0037267748353790194,
      0.32845883118485747,
      0.0029944315902861738
    ],
    [
      0.42098819091749096,
      0.09063720589175334,
      0.02469089381070229,
      0.004726137527511616,
      0.4079896147846179,
      0.0509679570679239
    ],
    [
      0.4247802380343634,
      0.18350901406721562,
      0.05428056929981334,
      0.009917864402419662,
      0.17672709679279427,
      0.15078521740339357
    ],
    [
      0.24672870168223002,
      0.2720671799826995,
      0.016445763116259293,
      0.010089240368801749,
      0.25411461995965406,
      0.20055449489035534
    ],
    [
      0.43701916696708704,
      0.25220080522913935,
      0.0029943363936743867,
      0.00836389010185059,
      0.09917200126780738,
      0.20024980004044124
    ],
    [
      0.6228390754242374,
      0.14684341143215182,
      0.00299460652801088,
      0.0050073118464117605,
      0.07174783862036767,
      0.15056775614882034
    ],
    [
      0.570144339810194,
      0.07920032565621095,
      0.002994696318649589,
      0.0033134514092953283,
      0.29332856681239045,
      0.05101861999325968
    ],
    [
      0.23474357461288894,
      0.04812737998164246,
      0.0029887533593844656,
      0.003015157342969681,
      0.70813638134373,
      0.0029887533593844656
    ],
    [
      0.5636823659314484,
      0.04520804044785533,
      0.0029909685873193274,
      0.0029909685873193274,
      0.3821366878587384,
      0.0029909685873193274
    ],
    [
      0.8524957002982483,
      0.038914520167748295,
      0.0029977715680447547,
      0.0029977715680447547,
      0.09959646482986922,
      0.0029977715680447547
    ],
    [
      0.9601385341811537,
      0.026102228066608092,
      0.003588945962290446,
      0.002996109892342908,
      0.004178072005262144,
      0.002996109892342908
    ],
    [
      0.9851924975320835,
      0.0029615004935834165,
      0.0029615004935834165,
      0.0029615004935834165,
      0.0029615004935834165,
      0.0029615004935834165
    ]
  ],
  [
    [
      0.9851924975320835,
      0.0029615004935834165,
      0.0029615004935834165,
      0.0029615004935834165,
      0.0029615004935834165,
      0.0029615004935834165
    ],
    [
      0.6557878691840916,
      0.2045187296332312,
      0.06270968089323517,
      0.01154106618808094,
      0.062448107727343,
      0.002994546374018051
    ],
    [
      0.4129058294143579,
      0.3507019339373236,
      0.02168734071250336,
      0.014212834827472903,
      0.19749751571214733,
      0.002994545396195049
    ],
    [
      0.39148327948643646,
      0.3039724513396493,
      0.0029886609170459498,
      0.009739334286800046,
      0.28882761305302235,
      0.0029886609170459498
    ],
    [
      0.5969328918311639,
      0.17247639511863347,
      0.002989017103472341,
      0.00565639843636009,
      0.21895628040689794,
      0.002989017103472341
    ],
    [
      0.34860420528390396,
      0.08506193341690174,
      0.0029884417903612696,
      0.0035574091016377834,
      0.5567995686168341,
      0.0029884417903612696
    ],
    [
      0.37550172021629974,
      0.06044338004443312,
      0.0029885183185797905,
      0.003077742480683269,
      0.5550001206214245,
      0.0029885183185797905
    ],
    [
      0.7480170410333747,
      0.049406447883828954,
      0.002989366961375401,
      0.002989366961375401,
      0.1936084101986702,
      0.002989366961375401
    ],
    [
      0.8820664856571295,
      0.05164700825319995,
      0.002989678572098232,
      0.002989678572098232,
      0.05731747037337595,
      0.002989678572098232
    ],
    [
      0.8192981978828519,
      0.06673732714415405,
      0.002989519481452542,
      0.003078964603923269,
      0.10490647140616585,
      0.002989519481452542
    ],
    [
      0.4077312302000319,
      0.0707519310524487,
      0.0029885923917769277,
      0.0032578116086081407,
      0.5122818423553575,
      0.0029885923917769277
    ],
    [
      0.27317002639127735,
      0.07269705822450169,
      0.0029882622080638997,
      0.0033810781619026324,
      0.6447753128061905,
      0.0029882622080638997
    ],
    [
      0.5332838939130664,
      0.09566293308976068,
      0.002988829480615118,
      0.003825745788588382,
      0.3612497682473546,
      0.002988829480615118
    ],
    [
      0.5814033102764953,
      0.1773211645316142,
      0.002988853241529984,
      0.005596202549519065,
      0.22970161615931162,
      0.002988853241529984
    ],
    [
      0.3513236517681424,
      0.3221272607707381,
      0.0029885371301213545,
      0.008994436211872481,
      0.3115775769890044,
      0.0029885371301213545
    ],
    [
      0.38411120010515987,
      0.3934796745764367,
      0.002989792204401357,
      0.011164577172122265,
      0.20526496373747852,
      0.002989792204401357
    ],
    [
      0.5353285046484976,
      0.32434026131038113,
      0.002989234850955095,
      0.009159245516511016,
      0.12519351882270008,
      0.002989234850955095
    ],
    [
      0.7695132487649343,
      0.1731202588522585,
      0.0029892789238177503,
      0.005375680223021785,
      0.04601225431215004,
      0.0029892789238177503
    ],
    [
      0.7885391864627918,
      0.09091982118834081,
      0.002989224633756915,
      0.0035285272871973038,
      0.11103401579415652,
      0.002989224633756915
    ],
    [
      0.5878471454995672,
      0.06360070679047192,
      0.0029887875248582043,
      0.0030780347799816005,
      0.3394965378802629,
      0.0029887875248582043
    ],
    [
      0.3699914660241181,
      0.048357201570112716,
      0.002988305212050076,
      0.002988305212050076,
      0.5726864167696191,
      0.002988305212050076
    ],
    [
      0.7008887817884895,
      0.09007503179643213,
      0.0029890641490490054,
      0.003572644846247427,
      0.19948541327073324,
      0.0029890641490490054
    ],
    [
      0.6448031732816389,
      0.2278009412178874,
      0.0029891247320821164,
      0.0067298684416761565,
      0.11468776759463335,
      0.0029891247320821164
    ],
    [
      0.501865729185316,
      0.37603684072168175,
      0.002989011082824033,
      0.011705505933883543,
      0.10441390199347071,
      0.002989011082824033
    ],
    [
      0.3794487630828983,
      0.44587983281787696,
      0.002988698020011048,
      0.02567198094055369,
      0.1430220271186491,
      0.002988698020011048
    ],
    [
      0.32878290342248445,
      0.3363893199908212,
      0.0029884124318525535,
      0.05452529645861486,
      0.27432565526437463,
      0.0029884124318525535
    ],
    [
      0.46925113488279896,
      0.2155896943545739,
      0.0029886885024994637,
      0.017435337417651093,
      0.2917464563399772,
      0.0029886885024994637
    ],
    [
      0.3493603976809709,
      0.0870873893716271,
      0.0029895883450453855,
      0.0036554781027975485,
      0.5539175581545138,
      0.0029895883450453855
    ],
    [
      0.6250420028106832,
      0.0794086648682596,
      0.0029942682241379057,
      0.003518976608664524,
      0.2860418192641169,
      0.0029942682241379057
    ],
    [
      0.6012441256429999,
      0.1291120191498633,
      0.008529316083360935,
      0.004987990800824242,
      0.15516417767784943,
      0.10096237064510226
    ],
    [
      0.002961500493583416,
      0.002961500493583416,
      0.002961500493583416,
      0.002961500493583416,
      0.002961500493583416,
      0.985192497532083
    ],
    [
      0.002961500493583416,
      0.002961500493583416,
      0.002961500493583416,
      0.002961500493583416,
      0.002961500493583416,
      0.985192497532083
    ],
    [
      0.002961500493583416,
      0.002961500493583416,
      0.002961500493583416,
      0.002961500493583416,
      0.002961500493583416,
      0.985192497532083
    ],
    [
      0.002961500493583416,
      0.002961500493583416,
      0.002961500493583416,
      0.002961500493583416,
      0.002961500493583416,
      0.985192497532083
    ],
    [
      0.5736718985872317,
      0.06545214086444355,
      0.002993853023200911,
      0.002993853023200911,
      0.15464160859350737,
      0.2002466459084156
    ],
    [
      0.3257999803654654,
      0.04645300334739903,
      0.002994082856790022,
      0.002994082856790022,
      0.5708522395338563,
      0.05090661103969907
    ],
    [
      0.42399819943992983,
      0.04474155883637395,
      0.0029897080091167718,
      0.0029897080091167718,
      0.5222911176963461,
      0.0029897080091167718
    ],
    [
      0.8428845928211042,
      0.04566674566885262,
      0.002994230339523195,
      0.002994230339523195,
      0.10246597049147366,
      0.002994230339523195
    ],
    [
      0.95558038616102,
      0.02789843809923741,
      0.004123575505611144,
      0.002993876328795385,
      0.0064098475765407255,
      0.002993876328795385
    ],
    [
      0.9851924975320835,
      0.0029615004935834165,
      0.0029615004935834165,
      0.0029615004935834165,
      0.0029615004935834165,
      0.0029615004935834165
    ]
  ],
  [
    [
      0.9851924975320835,
      0.0029615004935834165,
      0.0029615004935834165,
      0.0029615004935834165,
      0.0029615004935834165,
      0.0029615004935834165
    ],
    [
      0.6951774275536392,
      0.18872916470208775,
      0.05416453904008204,
      0.010007913626174956,
      0.048926408200790826,
      0.002994546877225284
    ],
    [
      0.5460018967256699,
      0.3193179028623187,
      0.017442891186105404,
      0.011364183117821756,
      0.10287849768589763,
      0.0029946284221867695
    ],
    [
      0.4912732396589104,
      0.35332768576360285,
      0.002988883489291844,
      0.01047073777576275,
      0.1389505698231403,
      0.002988883489291844
    ],
    [
      0.6235191282804032,
      0.21618887060298128,
      0.00298894576068139,
      0.006585759884047597,
      0.14772834971120524,
      0.00298894576068139
    ],
    [
      0.6318345145789928,
      0.1331916637199396,
      0.002988888370999816,
      0.004546624695768797,
      0.22444942026329917,
      0.002988888370999816
    ],
    [
      0.6754375765070793,
      0.07409078107483841,
      0.0029890010758968945,
      0.003258177725214176,
      0.2412354625410744,
      0.0029890010758968945
    ],
    [
      0.8394825066350643,
      0.05087458756480361,
      0.0029894097540066173,
      0.0029894097540066173,
      0.10067467653811231,
      0.0029894097540066173
    ],
    [
      0.9277020332240266,
      0.05240099807861392,
      0.002989601004825815,
      0.002989601004825815,
      0.010928165682882355,
      0.002989601004825815
    ],
    [
      0.812311911141553,
      0.07570870178466937,
      0.0029892989276782077,
      0.003292285560865198,
      0.10270850365755617,
      0.0029892989276782077
    ],
    [
      0.6280928820447156,
      0.12112947061770596,
      0.0029888897973609947,
      0.004466071437436182,
      0.24033379630542032,
      0.0029888897973609947
    ],
    [
      0.5519242168084453,
      0.14591439670196715,
      0.0029887572696572795,
      0.0052510510613298774,
      0.29093282088894323,
      0.0029887572696572795
    ],
    [
      0.3452540554004331,
      0.16059024122415858,
      0.002988350554115071,
      0.00597015819805305,
      0.4822088440691253,
      0.002988350554115071
    ],
    [
      0.32191723836572267,
      0.24296298792925713,
      0.0029882343903504115,
      0.00743642564695151,
      0.42170687927736794,
      0.0029882343903504115
    ],
    [
      0.4364942196767444,
      0.367546810930198,
      0.002988704854518175,
      0.010499541958272348,
      0.17948201772574898,
      0.002988704854518175
    ],
    [
      0.34647410457569905,
      0.4745551340213616,
      0.00298990960957531,
      0.013898525068574237,
      0.15909241711521446,
      0.00298990960957531
    ],
    [
      0.3466393117398629,
      0.4040438826001188,
      0.002989664329389231,
      0.010598817521351703,
      0.23273865947988842,
      0.002989664329389231
    ],
    [
      0.650628192516067,
      0.21408120974916445,
      0.0029891471245473513,
      0.00631051112760183,
      0.12300179235807218,
      0.0029891471245473513
    ],
    [
      0.7196609503763345,
      0.12886766964104196,
      0.002989073763522839,
      0.004471343703885573,
      0.1410218887516924,
      0.002989073763522839
    ],
    [
      0.49692531680775254,
      0.07116441215190542,
      0.0029886076512272907,
      0.0032576770765765533,
      0.4226753786613112,
      0.0029886076512272907
    ],
    [
      0.7404346906710698,
      0.05453766126503729,
      0.002989163599256107,
      0.002989163599256107,
      0.1960601572661248,
      0.002989163599256107
    ],
    [
      0.7610953651802673,
      0.08322064556574117,
      0.0029891579452980383,
      0.0034871896137538116,
      0.14621848374964183,
      0.0029891579452980383
    ],
    [
      0.4638239180733499,
      0.1679485096315105,
      0.002988519320845886,
      0.005882526568315153,
      0.3563680070851329,
      0.002988519320845886
    ],
    [
      0.5356101362371707,
      0.3148787639170607,
      0.002988823059416256,
      0.009538568346306037,
      0.13399488538063012,
      0.002988823059416256
    ],
    [
      0.5771004864174859,
      0.3193659465732135,
