[
  [
    [
      0.9851924975320835,
      0.0029615004935834165,
      0.0029615004935834165,
      0.0029615004935834165,
      0.0029615004935834165,
      0.0029615004935834165
    ],
    [
      0.9851924975320835,
      0.0029615004935834165,
      0.0029615004935834165,
      0.0029615004935834165,
      0.0029615004935834165,
      0.0029615004935834165
    ],
    [
      0.9851924975320835,
      0.0029615004935834165,
      0.0029615004935834165,
      0.0029615004935834165,
      0.0029615004935834165,
      0.0029615004935834165
    ],
    [
      0.9851924975320835,
      0.0029615004935834165,
      0.0029615004935834165,
      0.0029615004935834165,
      0.0029615004935834165,
      0.0029615004935834165
    ],
    [
      0.9851924975320835,
      0.0029615004935834165,
      0.0029615004935834165,
      0.0029615004935834165,
      0.0029615004935834165,
      0.0029615004935834165
    ],
    [
      0.9851924975320835,
      0.0029615004935834165,
      0.0029615004935834165,
      0.0029615004935834165,
      0.0029615004935834165,
      0.0029615004935834165
    ],
    [
      0.9851924975320835,
      0.0029615004935834165,
      0.0029615004935834165,
      0.0029615004935834165,
      0.0029615004935834165,
      0.0029615004935834165
    ],
    [
      0.9851924975320835,
      0.0029615004935834165,
      0.0029615004935834165,
      0.0029615004935834165,
      0.0029615004935834165,
      0.0029615004935834165
    ],
    [
      0.9851924975320835,
      0.0029615004935834165,
      0.0029615004935834165,
      0.0029615004935834165,
      0.0029615004935834165,
      0.0029615004935834165
    ],
    [
      0.9851924975320835,
      0.0029615004935834165,
      0.0029615004935834165,
      0.0029615004935834165,
      0.0029615004935834165,
      0.0029615004935834165
    ],
    [
      0.9851924975320835,
      0.0029615004935834165,
      0.0029615004935834165,
      0.0029615004935834165,
      0.0029615004935834165,
      0.0029615004935834165
    ],
    [
      0.9851924975320835,
      0.0029615004935834165,
      0.0029615004935834165,
      0.0029615004935834165,
      0.0029615004935834165,
      0.0029615004935834165
    ],
    [
      0.9851924975320835,
      0.0029615004935834165,
      0.0029615004935834165,
      0.0029615004935834165,
      0.0029615004935834165,
      0.0029615004935834165
    ],
    [
      0.9851924975320835,
      0.0029615004935834165,
      0.0029615004935834165,
      0.0029615004935834165,
      0.0029615004935834165,
      0.0029615004935834165
    ],
    [
      0.9851924975320835,
      0.0029615004935834165,
      0.0029615004935834165,
      0.0029615004935834165,
      0.0029615004935834165,
      0.0029615004935834165
    ],
    [
      0.9851924975320835,
      0.0029615004935834165,
      0.0029615004935834165,
      0.0029615004935834165,
      0.0029615004935834165,
      0.0029615004935834165
    ],
    [
      0.9851924975320835,
      0.0029615004935834165,
      0.0029615004935834165,
      0.0029615004935834165,
      0.0029615004935834165,
      0.0029615004935834165
    ],
    [
      0.9851924975320835,
      0.0029615004935834165,
      0.0029615004935834165,
      0.0029615004935834165,
      0.0029615004935834165,
      0.0029615004935834165
    ],
    [
      0.9851924975320835,
      0.0029615004935834165,
      0.0029615004935834165,
      0.0029615004935834165,
      0.0029615004935834165,
      0.0029615004935834165
    ],
    [
      0.9851924975320835,
      0.0029615004935834165,
      0.0029615004935834165,
      0.0029615004935834165,
      0.0029615004935834165,
      0.0029615004935834165
    ],
    [
      0.9851924975320835,
      0.0029615004935834165,
      0.0029615004935834165,
      0.0029615004935834165,
      0.0029615004935834165,
      0.0029615004935834165
    ],
    [
      0.9851924975320835,
      0.0029615004935834165,
      0.0029615004935834165,
      0.0029615004935834165,
      0.0029615004935834165,
      0.0029615004935834165
    ],
    [
      0.9851924975320835,
      0.0029615004935834165,
      0.0029615004935834165,
      0.0029615004935834165,
      0.0029615004935834165,
      0.0029615004935834165
    ],
    [
      0.9851924975320835,
      0.0029615004935834165,
      0.0029615004935834165,
      0.0029615004935834165,
      0.0029615004935834165,
      0.0029615004935834165
    ],
    [
      0.9851924975320835,
      0.0029615004935834165,
      0.0029615004935834165,
      0.0029615004935834165,
      0.0029615004935834165,
      0.0029615004935834165
    ],
    [
      0.9851924975320835,
      0.0029615004935834165,
      0.0029615004935834165,
      0.0029615004935834165,
      0.0029615004935834165,
      0.0029615004935834165
    ],
    [
      0.9851924975320835,
      0.0029615004935834165,
      0.0029615004935834165,
      0.0029615004935834165,
      0.0029615004935834165,
      0.0029615004935834165
    ],
    [
      0.9851924975320835,
      0.0029615004935834165,
      0.0029615004935834165,
      0.0029615004935834165,
      0.0029615004935834165,
      0.0029615004935834165
    ],
    [
      0.9851924975320835,
      0.0029615004935834165,
      0.0029615004935834165,
      0.0029615004935834165,
      0.0029615004935834165,
      0.0029615004935834165
    ],
    [
      0.9851924975320835,
      0.0029615004935834165,
      0.0029615004935834165,
      0.0029615004935834165,
      0.0029615004935834165,
      0.0029615004935834165
    ],
    [
      0.9851924975320835,
      0.0029615004935834165,
      0.0029615004935834165,
      0.0029615004935834165,
      0.0029615004935834165,
      0.0029615004935834165
    ],
    [
      0.9851924975320835,
      0.0029615004935834165,
      0.0029615004935834165,
      0.0029615004935834165,
      0.0029615004935834165,
      0.0029615004935834165
    ],
    [
      0.9851924975320835,
      0.0029615004935834165,
      0.0029615004935834165,
      0.0029615004935834165,
      0.0029615004935834165,
      0.0029615004935834165
    ],
    [
      0.9851924975320835,
      0.0029615004935834165,
      0.0029615004935834165,
      0.0029615004935834165,
      0.0029615004935834165,
      0.0029615004935834165
    ],
    [
      0.9851924975320835,
      0.0029615004935834165,
      0.0029615004935834165,
      0.0029615004935834165,
      0.0029615004935834165,
      0.0029615004935834165
    ],
    [
      0.9851924975320835,
      0.0029615004935834165,
      0.0029615004935834165,
      0.0029615004935834165,
      0.0029615004935834165,
      0.0029615004935834165
    ],
    [
      0.9851924975320835,
      0.0029615004935834165,
      0.0029615004935834165,
      0.0029615004935834165,
      0.0029615004935834165,
      0.0029615004935834165
    ],
    [
      0.9851924975320835,
      0.0029615004935834165,
      0.0029615004935834165,
      0.0029615004935834165,
      0.0029615004935834165,
      0.0029615004935834165
    ],
    [
      0.9851924975320835,
      0.0029615004935834165,
      0.0029615004935834165,
      0.0029615004935834165,
      0.0029615004935834165,
      0.0029615004935834165
    ],
    [
      0.9851924975320835,
      0.0029615004935834165,
      0.0029615004935834165,
      0.0029615004935834165,
      0.0029615004935834165,
      0.0029615004935834165
    ]
  ],
  [
    [
      0.9851924975320835,
      0.0029615004935834165,
      0.0029615004935834165,
      0.0029615004935834165,
      0.0029615004935834165,
      0.0029615004935834165
    ],
    [
      0.9840083356872347,
      0.0040355196731521915,
      0.002989036159903322,
      0.002989036159903322,
      0.002989036159903322,
      0.002989036159903322
    ],
    [
      0.9827461343253835,
      0.005279239689778499,
      0.0029936564962095083,
      0.0029936564962095083,
      0.0029936564962095083,
      0.0029936564962095083
    ],
    [
      0.83642249515878,
      0.0049204295930236515,
      0.002994632144237468,
      0.002994632144237468,
      0.14967317881548406,
      0.002994632144237468
    ],
    [
      0.3478526588090821,
      0.003213454013473308,
      0.0029929101793243797,
      0.0029929101793243797,
      0.6399551566394716,
      0.0029929101793243797
    ],
    [
      0.2991643433416216,
      0.0029923398201686675,
      0.0029923398201686675,
      0.0029923398201686675,
      0.6888662973777038,
      0.0029923398201686675
    ],
    [
      0.5924573038911363,
      0.0036995142517652195,
      0.0029934973910149417,
      0.0029934973910149417,
      0.39486268968405375,
      0.0029934973910149417
    ],
    [
      0.4456023371450636,
      0.003481272302897178,
      0.002993199724108971,
      0.002993199724108971,
      0.5419367913797124,
      0.002993199724108971
    ],
    [
      0.7385882186783679,
      0.0046523438670307985,
      0.0029943423222719475,
      0.0029943423222719475,
      0.24777641048778543,
      0.0029943423222719475
    ],
    [
      0.5916772703824575,
      0.0044339455502318435,
      0.0029940444873143486,
      0.0029940444873143486,
      0.3949066506053676,
      0.0029940444873143486
    ],
    [
      0.7388219525802755,
      0.007503736560721582,
      0.002994388729388809,
      0.002994388729388809,
      0.24469114467083644,
      0.002994388729388809
    ],
    [
      0.39608932740021063,
      0.014916663437139226,
      0.002993407285555425,
      0.002993407285555425,
      0.580013787305984,
      0.002993407285555425
    ],
    [
      0.34435401637716473,
      0.01766783782831504,
      0.002993426393326861,
      0.002993426393326861,
      0.6289978666145397,
      0.002993426393326861
    ],
    [
      0.4865888593523459,
      0.01913239463799194,
      0.0029944592369151655,
      0.0029944592369151655,
      0.4852953682989166,
      0.0029944592369151655
    ],
    [
      0.8667734035595069,
      0.024011558821738447,
      0.0033307382193971283,
      0.002996504721951996,
      0.09989128995545346,
      0.002996504721951996
    ],
    [
      0.819486019052338,
      0.023767543224856188,
      0.0032851854816016053,
      0.002996368270529272,
      0.1474685157001457,
      0.002996368270529272
    ],
    [
      0.48555439459450656,
      0.020738399827350918,
      0.0029942947104232573,
      0.0029942947104232573,
      0.4847243214468729,
      0.0029942947104232573
    ],
    [
      0.8133799063157932,
      0.026436617230074507,
      0.003915905865238231,
      0.0029934637091421053,
      0.1502806431706099,
      0.0029934637091421053
    ],
    [
      0.9489270362917784,
      0.03200664168323845,
      0.004677898605763235,
      0.002993893234402273,
      0.008400636950415258,
      0.002993893234402273
    ],
    [
      0.9275577100531726,
      0.04618780580700349,
      0.006511540736479904,
      0.003728552046488745,
      0.013019659665315774,
      0.002994731691539557
    ],
    [
      0.9132251868107443,
      0.05746599303852813,
      0.00696579761578876,
      0.004182941564899718,
      0.015165365998733223,
      0.0029947149713059015
    ],
    [
      0.9034929469840155,
      0.06531855544523718,
      0.007718123378255879,
      0.004071177267967085,
      0.016404489362900173,
      0.0029947075616241305
    ],
    [
      0.7958245623229463,
      0.1022885262645422,
      0.01673391193838349,
      0.004334242007096404,
      0.07782416403582855,
      0.0029945934312031516
    ],
    [
      0.5009718651470704,
      0.18295998411658068,
      0.044022134873076914,
      0.00892160117829569,
      0.2601301572036399,
      0.0029942574813364804
    ],
    [
      0.5538536141955335,
      0.2121112424216016,
      0.05764338271485852,
      0.01131881647578223,
      0.1620785267786057,
      0.0029944174136184417
    ],
    [
      0.5009718651470704,
      0.1829599841165807,
      0.04402213487307692,
      0.008921601178295694,
      0.26013015720363997,
      0.0029942574813364804
    ],
    [
      0.8003943922501644,
      0.09826569246445775,
      0.016735662891708792,
      0.00422297673342789,
      0.07738667707194308,
      0.0029945985882981053
    ],
    [
      0.8764971996367199,
      0.0493029348789276,
      0.007245295583444545,
      0.0035054459632244952,
      0.060454454885444764,
      0.0029946690522387296
    ],
    [
      0.8571566066844043,
      0.030578970737383655,
      0.004637393172331817,
      0.002993772528739094,
      0.10163948434840206,
      0.002993772528739094
    ],
    [
      0.8624474628594782,
      0.026940734066739726,
      0.004057786654095483,
      0.00299367976876474,
      0.1005666568821572,
      0.00299367976876474
    ],
    [
      0.8655720297959189,
      0.02561409301982056,
      0.0034978331261223744,
      0.002995837073829952,
      0.0993243699104785,
      0.002995837073829952
    ],
    [
      0.9145292538267102,
      0.02498632077509876,
      0.0034474052926061504,
      0.0029966452147090466,
      0.05104372967616689,
      0.0029966452147090466
    ],
    [
      0.8667734035595069,
      0.024011558821738443,
      0.003330738219397128,
      0.002996504721951996,
      0.09989128995545346,
      0.002996504721951996
    ],
    [
      0.5343565116897585,
      0.02010860383084359,
      0.0029949482438616326,
      0.0029949482438616326,
      0.43655003974781303,
      0.0029949482438616326
    ],
    [
      0.6784011022999991,
      0.019526754847365498,
      0.003067854929060597,
      0.002995946873313491,
      0.29301239417694785,
      0.002995946873313491
    ],
    [
      0.5404338469811311,
      0.007916273724535258,
      0.002994280352304935,
      0.002994280352304935,
      0.442667038237419,
      0.002994280352304935
    ],
    [
      0.885165056879601,
      0.005238214989146855,
      0.0029949139485400374,
      0.0029949139485400374,
      0.10061198628563217,
      0.0029949139485400374
    ],
    [
      0.9343205268978865,
      0.005147889108356504,
      0.0029950665199206614,
      0.0029950665199206614,
      0.051546384433995014,
      0.0029950665199206614
    ],
    [
      0.8871470730571756,
      0.0037714403003942013,
      0.002991460086641732,
      0.002991460086641732,
      0.10010710638250502,
      0.002991460086641732
    ],
    [
      0.9851924975320835,
      0.0029615004935834165,
      0.0029615004935834165,
      0.0029615004935834165,
      0.0029615004935834165,
      0.0029615004935834165
    ]
  ],
  [
    [
      0.9851924975320835,
      0.0029615004935834165,
      0.0029615004935834165,
      0.0029615004935834165,
      0.0029615004935834165,
      0.0029615004935834165
    ],
    [
      0.8853891877037763,
      0.005013809306619222,
      0.002994921559882127,
      0.002994921559882127,
      0.10061223830995822,
      0.002994921559882127
    ],
    [
      0.9303987506228767,
      0.008457352509620002,
      0.0029996387525489036,
      0.0029996387525489036,
      0.05214498060985675,
      0.0029996387525489036
    ],
    [
      0.8320876046680419,
      0.008494357880666834,
      0.0029990505203322197,
      0.0029990505203322197,
      0.15042088589029476,
      0.0029990505203322197
    ],
    [
      0.2953218897039035,
      0.005361414992782414,
      0.002996219001259005,
      0.002996219001259005,
      0.690328038299537,
      0.002996219001259005
    ],
    [
      0.10054379800138862,
      0.004090032208521209,
      0.0029950911200171517,
      0.0029950911200171517,
      0.8863808964300388,
      0.0029950911200171517
    ],
    [
      0.1494399174238585,
      0.004224074886529668,
      0.0029952360964706297,
      0.0029952360964706297,
      0.8373502994002,
      0.0029952360964706297
    ],
    [
      0.29553061626223953,
      0.0051776062338630795,
      0.0029960820096698974,
      0.0029960820096698974,
      0.6903035314748878,
      0.0029960820096698974
    ],
    [
      0.6855095372584848,
      0.007722991593273009,
      0.0029983401158965766,
      0.0029983401158965766,
      0.2977724508005526,
      0.0029983401158965766
    ],
    [
      0.7830961353812462,
      0.008359937553074483,
      0.0029989051743984523,
      0.0029989051743984523,
      0.19954721154248412,
      0.0029989051743984523
    ],
    [
      0.6843523535913665,
      0.01257169377299038,
      0.002998362079353857,
      0.002998362079353857,
      0.2940808663975816,
      0.002998362079353857
    ],
    [
      0.3866764776888033,
      0.025977303791806364,
      0.0029968431527922466,
      0.0029968431527922466,
      0.5783556890610135,
      0.0029968431527922466
    ],
    [
      0.6663401013460081,
      0.032334888777455766,
      0.002998619372386026,
      0.002998619372386026,
      0.2923291517593782,
      0.002998619372386026
    ],
    [
      0.7613031491289872,
      0.033193861783254994,
      0.0030013095007712653,
      0.0029992678747970095,
      0.1965031438373925,
      0.0029992678747970095
    ],
    [
      0.809098088750495,
      0.034169953545754,
      0.0031180687010016655,
      0.0029994086267834622,
      0.14761507174918242,
      0.0029994086267834622
    ],
    [
      0.7617675091503222,
      0.03392523845509132,
      0.003072481513867299,
      0.0029992719107691935,
      0.195236227059181,
      0.0029992719107691935
    ],
    [
      0.42811084856300735,
      0.03391004139841272,
      0.002996304327694088,
      0.002996304327694088,
      0.5289901970554977,
      0.002996304327694088
    ],
    [
      0.7019187420675389,
      0.04372063243688251,
      0.0029937565765986098,
      0.0029937565765986098,
      0.24537935576578293,
      0.0029937565765986098
    ],
    [
      0.8792569395977117,
      0.053175400482615674,
      0.002994143064246746,
      0.0031320920133103207,
      0.05844728177786879,
      0.002994143064246746
    ],
    [
      0.8899412030898706,
      0.08172250768241103,
      0.0030882766911304754,
      0.0037784477997536035,
      0.018474329433085048,
      0.0029952353037493817
    ],
    [
      0.8263186179556181,
      0.13579613816217925,
      0.0032940263352618767,
      0.0053007820997294525,
      0.026295272473609355,
      0.0029951629736019248
    ],
    [
      0.7638538809031302,
      0.16786794977414868,
      0.0036484998752539227,
      0.006046077668941125,
      0.05558849741922789,
      0.0029950943592983083
    ],
    [
      0.638884763672672,
      0.2055748819116683,
      0.007371013855084928,
      0.007039352131073068,
      0.1381350439860348,
      0.002994944443466984
    ],
    [
      0.4711192001187236,
      0.3060076991301807,
      0.014991796206673475,
      0.011067687240686401,
      0.19381881377069848,
      0.0029948035330372843
    ],
    [
      0.3997249656296009,
      0.37583290777743394,
      0.019245961791517073,
      0.015091701897854226,
      0.18710971478744415,
      0.00299474811614972
    ],
    [
      0.5561354429398081,
      0.29548723718348907,
      0.01503458716862353,
      0.010856316483616669,
      0.11949148643373095,
      0.002994929790731691
    ],
    [
      0.7590145469916517,
      0.16548733769860288,
      0.007422694113288885,
      0.005951041078336453,
      0.059129282027684756,
      0.0029950980904351974
    ],
    [
      0.7955506897186674,
      0.08220719489987971,
      0.0034248997625041617,
      0.00366676303979724,
      0.11215533921433242,
      0.0029951133648192674
    ],
    [
      0.5121176433917506,
      0.0474538648073169,
      0.0029931775412417793,
      0.003131080177236362,
      0.4313110565412127,
      0.0029931775412417793
    ],
    [
      0.6576555584955391,
      0.042903954936711626,
      0.0029938955385965544,
      0.0029938955385965544,
      0.2904587999519597,
      0.0029938955385965544
    ],
    [
      0.5232005950357881,
      0.035135419225362285,
      0.0029970665232366064,
      0.0029970665232366064,
      0.4326727861691399,
      0.0029970665232366064
    ],
    [
      0.8093303116600471,
      0.03453565945370612,
      0.003153656432176709,
      0.0029994106449576035,
      0.14698155116415487,
      0.0029994106449576035
    ],
    [
      0.809098088750495,
      0.034169953545754,
      0.0031180687010016655,
      0.0029994086267834622,
      0.14761507174918242,
      0.0029994086267834622
    ],
    [
      0.7142035219413583,
      0.03331461343267501,
      0.0029991097391204734,
      0.0029991097391204734,
      0.24348453540860532,
      0.0029991097391204734
    ],
    [
      0.48157247386168106,
      0.02738579348470015,
      0.00299774275348317,
      0.00299774275348317,
      0.48204850439316943,
      0.00299774275348317
    ],
    [
      0.7805693637448251,
      0.013685380609464169,
      0.002999163491904267,
      0.002999163491904267,
      0.19674776516999806,
      0.002999163491904267
    ],
    [
      0.9297249588175409,
      0.009131600186067908,
      0.0029996158466525876,
      0.0029996158466525876,
      0.052144593456433457,
      0.0029996158466525876
    ],
    [
      0.8813929071562553,
      0.00832290761195161,
      0.002999493349594774,
      0.002999493349594774,
      0.10128570518300879,
      0.002999493349594774
    ],
    [
      0.5919005904785024,
      0.004209602972269513,
      0.002994052094237738,
      0.002994052094237738,
      0.39490765026651503,
      0.002994052094237738
    ],
    [
      0.9851924975320835,
      0.0029615004935834165,
      0.0029615004935834165,
      0.0029615004935834165,
      0.0029615004935834165,
      0.0029615004935834165
    ]
  ],
  [
    [
      0.9851924975320835,
      0.0029615004935834165,
      0.0029615004935834165,
      0.0029615004935834165,
      0.0029615004935834165,
      0.0029615004935834165
    ],
    [
      0.5877022454147148,
      0.008159768153588808,
      0.0029945524809489423,
      0.0029945524809489423,
      0.3951543289888496,
      0.0029945524809489423
    ],
    [
      0.8752726649096481,
      0.014173610405182878,
      0.0030453007784089323,
      0.002999572403761975,
      0.10150927909923642,
      0.002999572403761975
    ],
    [
      0.8761261031224412,
      0.014898316699088457,
      0.0029991497694813966,
      0.0029991497694813966,
      0.09997813087002633,
      0.0029991497694813966
    ],
    [
      0.6336071060843615,
      0.013377823949472577,
      0.0029977469219492296,
      0.0029977469219492296,
      0.3440218292003182,
      0.0029977469219492296
    ],
    [
      0.24230443759909465,
      0.010754116939738979,
      0.002995480093384655,
      0.002995480093384655,
      0.7379550051810125,
      0.002995480093384655
    ],
    [
      0.2895646714443972,
      0.010997966954971858,
      0.002995752440153975,
      0.002995752440153975,
      0.6904501042801692,
      0.002995752440153975
    ],
    [
      0.6307225923178725,
      0.01322856180640442,
      0.002997727662209591,
      0.002997727662209591,
      0.3470556628890943,
      0.002997727662209591
    ],
    [
      0.533203003293289,
      0.012590948900817718,
      0.002997163047316281,
      0.002997163047316281,
      0.4452145586639446,
      0.002997163047316281
    ],
    [
      0.7770708867398851,
      0.014185431725232267,
      0.0029985749835269564,
      0.0029985749835269564,
      0.19974795658430178,
      0.0029985749835269564
    ],
    [
      0.4832175643610453,
      0.016390432056727005,
      0.0029968811837319817,
      0.0029968811837319817,
      0.49140136003103174,
      0.0029968811837319817
    ],
    [
      0.6673917521800136,
      0.03105114556672545,
      0.002997966681500887,
      0.002997966681500887,
      0.2925632022087583,
      0.002997966681500887
    ],
    [
      0.8081918835121535,
      0.03590979686801236,
      0.002998785592447477,
      0.002998785592447477,
      0.14690196284249177,
      0.002998785592447477
    ],
    [
      0.7597014874305028,
      0.03650503501065513,
      0.002998060646282183,
      0.002998060646282183,
      0.19479929561999573,
      0.002998060646282183
    ],
    [
      0.47497738845235665,
      0.03624060565463297,
      0.0029956735861849217,
      0.0029956735861849217,
      0.4797949851344557,
      0.0029956735861849217
    ],
    [
      0.7117366595603238,
      0.037843878404621945,
      0.002996735992481865,
      0.002996735992481865,
      0.24142925405760882,
      0.002996735992481865
    ],
    [
      0.7097340393282542,
      0.03989672956630954,
      0.0029955333459876746,
      0.0029955333459876746,
      0.24138263106747335,
      0.0029955333459876746
    ],
    [
      0.5164727135749521,
      0.044961474691024905,
      0.0029906971096255396,
      0.0029906971096255396,
      0.4295937204051467,
      0.0029906971096255396
    ],
    [
      0.8280047290641143,
      0.057557364493967984,
      0.002990305120185141,
      0.0030255361569372415,
      0.10543176004461038,
      0.002990305120185141
    ],
    [
      0.8792780159423719,
      0.09170619820530558,
      0.0029903939825040434,
      0.0035758244417370723,
      0.01945917344557735,
      0.0029903939825040434
    ],
    [
      0.7850728765487391,
      0.17165268249819413,
      0.0029901980312966466,
      0.005757233584996398,
      0.03153681130547708,
      0.0029901980312966466
    ],
    [
      0.5960347963337659,
      0.28404317472138685,
      0.0029898379648846756,
      0.00934918200985919,
      0.10459317100521884,
      0.0029898379648846756
    ],
    [
      0.34095183432347387,
      0.3314886619385167,
      0.002989110783519125,
      0.010749797643734722,
      0.3108314845272365,
      0.002989110783519125
    ],
    [
      0.33027780965175385,
      0.3402163745312886,
      0.002989098929931219,
      0.011020685767214006,
      0.31250693218988124,
      0.002989098929931219
    ],
    [
      0.538823112826362,
      0.3268016496411733,
      0.002989750099056056,
      0.010910813588197392,
      0.1174849237461552,
      0.002989750099056056
    ],
    [
      0.645520355642931,
      0.28286878741089033,
      0.0029899978458990777,
      0.009389364433983945,
      0.05624149682039659,
      0.0029899978458990777
    ],
    [
      0.785072876548739,
      0.17165268249819407,
      0.0029901980312966466,
      0.005757233584996397,
      0.03153681130547707,
      0.0029901980312966466
    ],
    [
      0.8334301278890193,
      0.09099014850101365,
      0.0029902735601966793,
      0.0035756802159607236,
      0.066023496273613,
      0.0029902735601966793
    ],
    [
      0.7363194990989235,
      0.05612811543930484,
      0.0029900642995812393,
      0.0030252920423715483,
      0.1985469648202378,
      0.0029900642995812393
    ],
    [
      0.47063478968695965,
      0.04424723498317988,
      0.002990576662220769,
      0.002990576662220769,
      0.47614624534319816,
      0.002990576662220769
    ],
    [
      0.7556575854578421,
      0.04061197761732699,
      0.002995654192998665,
      0.002995654192998665,
      0.19474347434583497,
      0.002995654192998665
    ],
    [
      0.8050811098555447,
      0.03809223440062686,
      0.002997701234347862,
      0.002997701234347862,
      0.147833552040785,
      0.002997701234347862
    ],
    [
      0.5712776408520595,
      0.03449387131626481,
      0.0029977846437142437,
      0.0029977846437142437,
      0.38523513390053304,
      0.0029977846437142437
    ],
    [
      0.8093303116600472,
      0.03453565945370611,
      0.0031536564321767084,
      0.0029994106449576035,
      0.14698155116415484,
      0.0029994106449576035
    ],
    [
      0.8619220356260675,
      0.029829119836674207,
      0.003114368500694774,
      0.002999555244738001,
      0.09913536554708767,
      0.002999555244738001
    ],
    [
      0.9252723355921297,
      0.014873462422587844,
      0.002999704410633984,
      0.002999704410633984,
      0.05085508875338054,
      0.002999704410633984
    ],
    [
      0.9778359701706513,
      0.010165110160137113,
      0.0029997299173029415,
      0.0029997299173029415,
      0.0029997299173029415,
      0.0029997299173029415
    ],
    [
      0.8807195222128884,
      0.008997123632113012,
      0.0029994704459190536,
      0.0029994704459190536,
      0.10128494281724162,
      0.0029994704459190536
    ],
    [
      0.7873168570043213,
      0.004970073279565693,
      0.0029946240720282735,
      0.0029946240720282735,
      0.1987291975000282,
      0.0029946240720282735
    ],
    [
      0.9851924975320835,
      0.0029615004935834165,
      0.0029615004935834165,
      0.0029615004935834165,
      0.0029615004935834165,
      0.0029615004935834165
    ]
  ],
  [
    [
      0.9851924975320835,
      0.0029615004935834165,
      0.0029615004935834165,
      0.0029615004935834165,
      0.0029615004935834165,
      0.0029615004935834165
    ],
    [
      0.8207009368607435,
      0.020988835259184057,
      0.0032755798686362413,
      0.0029963601778576795,
      0.1490419276557209,
      0.0029963601778576795
    ],
    [
      0.8131437918052408,
      0.029468912886690776,
      0.003115901598092959,
      0.0029994124409683585,
      0.1482725688280388,
      0.0029994124409683585
    ],
    [
      0.8136943575828346,
      0.03061460601073614,
      0.002998810804175755,
      0.002998810804175755,
      0.14669460399390197,
      0.002998810804175755
    ],
    [
      0.5282448830541285,
      0.029065304557563117,
      0.002997164504038983,
      0.002997164504038983,
      0.43369831887619165,
      0.002997164504038983
    ],
    [
      0.7146622979908284,
      0.029898789911299215,
      0.0029982361481266785,
      0.0029982361481266785,
      0.2464442036534924,
      0.0029982361481266785
    ],
    [
      0.8093643291767276,
      0.030390467886894337,
      0.002998781894150131,
      0.002998781894150131,
      0.15124885725392773,
      0.002998781894150131
    ],
    [
      0.8581718914777576,
      0.030711093821440556,
      0.002999064480039718,
      0.002999064480039718,
      0.1021198212606827,
      0.002999064480039718
    ],
    [
      0.8581718914777577,
      0.030711093821440553,
      0.002999064480039718,
      0.002999064480039718,
      0.10211982126068268,
      0.002999064480039718
    ],
    [
      0.8581718914777576,
      0.030711093821440556,
      0.002999064480039718,
      0.002999064480039718,
      0.1021198212606827,
      0.002999064480039718
    ],
    [
      0.7620766669440262,
      0.031542989080337175,
      0.0029985123294219195,
      0.0029985123294219195,
      0.19738480698737093,
      0.0029985123294219195
    ],
    [
      0.5241220832945392,
      0.03303453558788349,
      0.002997145615958576,
      0.002997145615958576,
      0.4338519442697015,
      0.002997145615958576
    ],
    [
      0.7134899489274167,
      0.03541711382645896,
      0.0029982398450780446,
      0.0029982398450780446,
      0.24209821771089024,
      0.0029982398450780446
    ],
    [
      0.38043429206109636,
      0.03574837366342031,
      0.0029951289708295744,
      0.0029951289708295744,
      0.5748319473629948,
      0.0029951289708295744
    ],
    [
      0.515392222986778,
      0.0434792359253966,
      0.0029918926321997334,
      0.0029918926321997334,
      0.43215286319122626,
      0.0029918926321997334
    ],
    [
      0.47172359873331154,
      0.043408898542780884,
      0.002991026455646055,
      0.002991026455646055,
      0.4758944233569695,
      0.002991026455646055
    ],
    [
      0.7929577045506808,
      0.04878047613817132,
      0.002991571079282793,
      0.002991571079282793,
      0.14928710607329965,
      0.002991571079282793
    ],
    [
      0.8365356645807028,
      0.05117009882523816,
      0.0029907917551854723,
      0.0029907917551854723,
      0.10332186132850274,
      0.0029907917551854723
    ],
    [
      0.8738528825350392,
      0.05827207535886137,
      0.002990425545034496,
      0.003025658228966473,
      0.05886853278706414,
      0.002990425545034496
    ],
    [
      0.8792780159423719,
      0.09170619820530558,
      0.0029903939825040434,
      0.0035758244417370723,
      0.01945917344557735,
      0.0029903939825040434
    ],
    [
      0.7743932075207357,
      0.18038420373784309,
      0.0029901861690840316,
      0.006028240045563246,
      0.03321397635769006,
      0.0029901861690840316
    ],
    [
      0.5742405349719308,
      0.3174857292837493,
      0.0029898418921145945,
      0.010659990688127882,
      0.09163406127196284,
      0.0029898418921145945
    ],
    [
      0.395060949617583,
      0.40059984028370826,
      0.002989392063750714,
      0.014569881715936504,
      0.1837905442552709,
      0.002989392063750714
    ],
    [
      0.5140845742769545,
      0.32738763582005015,
      0.0029896701696586463,
      0.010890682828547497,
      0.14165776673513072,
      0.0029896701696586463
    ],
    [
      0.7039154969827863,
      0.21921615031223432,
      0.002990039783396415,
      0.007154461535170636,
      0.06373381160301599,
      0.002990039783396415
    ],
    [
      0.7805084461497731,
      0.17566917648433913,
      0.0029901877474154907,
      0.005868322625347618,
      0.03197367924570925,
      0.0029901877474154907
    ],
    [
      0.8201262774142555,
      0.1421395086767407,
      0.002990252608561696,
      0.004881934270720901,
      0.026871774421159515,
      0.002990252608561696
    ],
    [
      0.8838431008666335,
      0.08768913841198425,
      0.002990404267803822,
      0.003464719854555449,
      0.019022232331219184,
      0.002990404267803822
    ],
    [
      0.8280047290641143,
      0.05755736449396799,
      0.0029903051201851413,
      0.003025536156937242,
      0.10543176004461043,
      0.0029903051201851413
    ],
    [
      0.7448348277048751,
      0.049741131648481464,
      0.0029905508548313023,
      0.0029905508548313023,
      0.19645238808214965,
      0.0029905508548313023
    ],
    [
      0.7929577045506807,
      0.04878047613817132,
      0.002991571079282792,
      0.002991571079282792,
      0.14928710607329962,
      0.002991571079282792
    ],
    [
      0.7970718140898855,
      0.044873428605707734,
      0.0029940337280817855,
      0.0029940337280817855,
      0.14907265612016143,
      0.0029940337280817855
    ],
    [
      0.8115677791277239,
      0.03201654285328891,
      0.003537171249995051,
      0.0029980768055886497,
      0.14688235315781492,
      0.0029980768055886497
    ],
    [
      0.9107324934546035,
      0.027931903308620266,
      0.003880572073185195,
      0.002998192189164607,
      0.05145864678526182,
      0.002998192189164607
    ],
    [
      0.9121578327550075,
      0.025030466790924667,
      0.0038813951588121446,
      0.0029989586345422784,
      0.0529323880261713,
      0.0029989586345422784
    ],
    [
      0.8757604335132902,
      0.013482804442539215,
      0.0032235139978385847,
      0.0029995818440605657,
      0.10153408435821079,
      0.0029995818440605657
    ],
    [
      0.929724958817541,
      0.009131600186067908,
      0.002999615846652588,
      0.002999615846652588,
      0.05214459345643345,
      0.002999615846652588
    ],
    [
      0.832391814427714,
      0.008188475747677806,
      0.0029993479607363384,
      0.0029993479607363384,
      0.15042166594239917,
      0.0029993479607363384
    ],
    [
      0.49410892269534973,
      0.00394163794936449,
      0.0029937623845309592,
      0.0029937623845309592,
      0.49296815220169293,
      0.0029937623845309592
    ],
    [
      0.9851924975320835,
      0.0029615004935834165,
      0.0029615004935834165,
      0.0029615004935834165,
      0.0029615004935834165,
      0.0029615004935834165
    ]
  ],
  [
    [
      0.9851924975320835,
      0.0029615004935834165,
      0.0029615004935834165,
      0.0029615004935834165,
      0.0029615004935834165,
      0.0029615004935834165
    ],
    [
      0.8672374775721803,
      0.02474224934825142,
      0.003401845106241433,
      0.0029965087504911143,
      0.09862541047234466,
      0.0029965087504911143
    ],
    [
      0.5726785509005051,
      0.03330979216392605,
      0.002998508377213974,
      0.002998508377213974,
      0.3850161318039271,
      0.002998508377213974
    ],
    [
      0.8081918835121533,
      0.03590979686801236,
      0.002998785592447476,
      0.002998785592447476,
      0.14690196284249177,
      0.002998785592447476
    ],
    [
      0.8555557803995205,
      0.036156205654491895,
      0.002999058540642734,
      0.002999058540642734,
      0.09929083832405934,
      0.002999058540642734
    ],
    [
      0.9029283001554292,
      0.03640265930110147,
      0.0029993315385297733,
      0.0029993315385297733,
      0.05167104592787995,
      0.0029993315385297733
    ],
    [
      0.9503094451348577,
      0.03664915782009276,
      0.002999604586122165,
      0.002999604586122165,
      0.004042583286683017,
      0.002999604586122165
    ],
    [
      0.9029283001554292,
      0.036402659301101474,
      0.0029993315385297733,
      0.0029993315385297733,
      0.051671045927879966,
      0.0029993315385297733
    ],
    [
      0.8555557803995205,
      0.036156205654491895,
      0.002999058540642734,
      0.002999058540642734,
      0.09929083832405934,
      0.002999058540642734
    ],
    [
      0.8555557803995205,
      0.036156205654491895,
      0.002999058540642734,
      0.002999058540642734,
      0.09929083832405933,
      0.002999058540642734
    ],
    [
      0.8081918835121533,
      0.03590979686801236,
      0.002998785592447476,
      0.002998785592447476,
      0.14690196284249177,
      0.002998785592447476
    ],
    [
      0.8081918835121534,
      0.035909796868012364,
      0.002998785592447477,
      0.002998785592447477,
      0.14690196284249182,
      0.002998785592447477
    ],
    [
      0.760836607139207,
      0.03566343292941564,
      0.0029985126939304344,
      0.0029985126939304344,
      0.19450442184958622,
      0.0029985126939304344
    ],
    [
      0.3810847743637053,
      0.03582156790505786,
      0.002994781724353848,
      0.002994781724353848,
      0.5741093125581754,
      0.002994781724353848
    ],
    [
      0.37842571825593857,
      0.04202118115860769,
      0.0029903410600738774,
      0.0029903410600738774,
      0.5705820774052321,
      0.0029903410600738774
    ],
    [
      0.6994023863045195,
      0.049854921660859,
      0.002989807574255996,
      0.002989807574255996,
      0.2417732693118536,
      0.002989807574255996
    ],
    [
      0.745421935334424,
      0.052938042016496434,
      0.0029899612835708623,
      0.0029899612835708623,
      0.19267013879836697,
      0.0029899612835708623
    ],
    [
      0.7896277679399083,
      0.054885910904026454,
      0.002990073604481023,
      0.002990073604481023,
      0.14651610034262227,
      0.002990073604481023
    ],
    [
      0.8723230251705124,
      0.06057541121445402,
      0.002990237644604311,
      0.0030165308627002436,
      0.058104557463124665,
      0.002990237644604311
    ],
    [
      0.8406874892795874,
      0.08939720400855464,
      0.00299011662258377,
      0.003561556294154064,
      0.060373517172536556,
      0.00299011662258377
    ],
    [
      0.7098348902495109,
      0.1656177780092409,
      0.0029898480419587228,
      0.0057253131782455296,
      0.1128423224790854,
      0.0029898480419587228
    ],
    [
      0.6103473130839704,
      0.2778192235748357,
      0.002989733414783114,
      0.009302499030579461,
      0.0965514974810484,
      0.002989733414783114
    ],
    [
      0.6033426156423387,
      0.31329147208649866,
      0.002989741717555618,
      0.0105597451308858,
      0.06682668370516563,
      0.002989741717555618
    ],
    [
      0.6103473130839704,
      0.2778192235748357,
      0.002989733414783114,
