[
  [
    [
      0.9851924975320835,
      0.0029615004935834165,
      0.0029615004935834165,
      0.0029615004935834165,
      0.0029615004935834165,
      0.0029615004935834165
    ],
    [
      0.9851924975320835,
      0.0029615004935834165,
      0.0029615004935834165,
      0.0029615004935834165,
      0.0029615004935834165,
      0.0029615004935834165
    ],
    [
      0.9851924975320835,
      0.0029615004935834165,
      0.0029615004935834165,
      0.0029615004935834165,
      0.0029615004935834165,
      0.0029615004935834165
    ],
    [
      0.9851924975320835,
      0.0029615004935834165,
      0.0029615004935834165,
      0.0029615004935834165,
      0.0029615004935834165,
      0.0029615004935834165
    ],
    [
      0.9851924975320835,
      0.0029615004935834165,
      0.0029615004935834165,
      0.0029615004935834165,
      0.0029615004935834165,
      0.0029615004935834165
    ],
    [
      0.9851924975320835,
      0.0029615004935834165,
      0.0029615004935834165,
      0.0029615004935834165,
      0.0029615004935834165,
      0.0029615004935834165
    ],
    [
      0.9851924975320835,
      0.0029615004935834165,
      0.0029615004935834165,
      0.0029615004935834165,
      0.0029615004935834165,
      0.0029615004935834165
    ],
    [
      0.9851924975320835,
      0.0029615004935834165,
      0.0029615004935834165,
      0.0029615004935834165,
      0.0029615004935834165,
      0.0029615004935834165
    ],
    [
      0.9851924975320835,
      0.0029615004935834165,
      0.0029615004935834165,
      0.0029615004935834165,
      0.0029615004935834165,
      0.0029615004935834165
    ],
    [
      0.9851924975320835,
      0.0029615004935834165,
      0.0029615004935834165,
      0.0029615004935834165,
      0.0029615004935834165,
      0.0029615004935834165
    ],
    [
      0.9851924975320835,
      0.0029615004935834165,
      0.0029615004935834165,
      0.0029615004935834165,
      0.0029615004935834165,
      0.0029615004935834165
    ],
    [
      0.9851924975320835,
      0.0029615004935834165,
      0.0029615004935834165,
      0.0029615004935834165,
      0.0029615004935834165,
      0.0029615004935834165
    ],
    [
      0.9851924975320835,
      0.0029615004935834165,
      0.0029615004935834165,
      0.0029615004935834165,
      0.0029615004935834165,
      0.0029615004935834165
    ],
    [
      0.9851924975320835,
      0.0029615004935834165,
      0.0029615004935834165,
      0.0029615004935834165,
      0.0029615004935834165,
      0.0029615004935834165
    ],
    [
      0.9851924975320835,
      0.0029615004935834165,
      0.0029615004935834165,
      0.0029615004935834165,
      0.0029615004935834165,
      0.0029615004935834165
    ],
    [
      0.9851924975320835,
      0.0029615004935834165,
      0.0029615004935834165,
      0.0029615004935834165,
      0.0029615004935834165,
      0.0029615004935834165
    ],
    [
      0.9851924975320835,
      0.0029615004935834165,
      0.0029615004935834165,
      0.0029615004935834165,
      0.0029615004935834165,
      0.0029615004935834165
    ],
    [
      0.9851924975320835,
      0.0029615004935834165,
      0.0029615004935834165,
      0.0029615004935834165,
      0.0029615004935834165,
      0.0029615004935834165
    ],
    [
      0.9851924975320835,
      0.0029615004935834165,
      0.0029615004935834165,
      0.0029615004935834165,
      0.0029615004935834165,
      0.0029615004935834165
    ],
    [
      0.9851924975320835,
      0.0029615004935834165,
      0.0029615004935834165,
      0.0029615004935834165,
      0.0029615004935834165,
      0.0029615004935834165
    ],
    [
      0.9851924975320835,
      0.0029615004935834165,
      0.0029615004935834165,
      0.0029615004935834165,
      0.0029615004935834165,
      0.0029615004935834165
    ],
    [
      0.9851924975320835,
      0.0029615004935834165,
      0.0029615004935834165,
      0.0029615004935834165,
      0.0029615004935834165,
      0.0029615004935834165
    ],
    [
      0.9851924975320835,
      0.0029615004935834165,
      0.0029615004935834165,
      0.0029615004935834165,
      0.0029615004935834165,
      0.0029615004935834165
    ],
    [
      0.9851924975320835,
      0.0029615004935834165,
      0.0029615004935834165,
      0.0029615004935834165,
      0.0029615004935834165,
      0.0029615004935834165
    ],
    [
      0.9851924975320835,
      0.0029615004935834165,
      0.0029615004935834165,
      0.0029615004935834165,
      0.0029615004935834165,
      0.0029615004935834165
    ],
    [
      0.9851924975320835,
      0.0029615004935834165,
      0.0029615004935834165,
      0.0029615004935834165,
      0.0029615004935834165,
      0.0029615004935834165
    ],
    [
      0.9851924975320835,
      0.0029615004935834165,
      0.0029615004935834165,
      0.0029615004935834165,
      0.0029615004935834165,
      0.0029615004935834165
    ],
    [
      0.9851924975320835,
      0.0029615004935834165,
      0.0029615004935834165,
      0.0029615004935834165,
      0.0029615004935834165,
      0.0029615004935834165
    ],
    [
      0.9851924975320835,
      0.0029615004935834165,
      0.0029615004935834165,
      0.0029615004935834165,
      0.0029615004935834165,
      0.0029615004935834165
    ],
    [
      0.9851924975320835,
      0.0029615004935834165,
      0.0029615004935834165,
      0.0029615004935834165,
      0.0029615004935834165,
      0.0029615004935834165
    ],
    [
      0.9851924975320835,
      0.0029615004935834165,
      0.0029615004935834165,
      0.0029615004935834165,
      0.0029615004935834165,
      0.0029615004935834165
    ],
    [
      0.9851924975320835,
      0.0029615004935834165,
      0.0029615004935834165,
      0.0029615004935834165,
      0.0029615004935834165,
      0.0029615004935834165
    ],
    [
      0.9851924975320835,
      0.0029615004935834165,
      0.0029615004935834165,
      0.0029615004935834165,
      0.0029615004935834165,
      0.0029615004935834165
    ],
    [
      0.9851924975320835,
      0.0029615004935834165,
      0.0029615004935834165,
      0.0029615004935834165,
      0.0029615004935834165,
      0.0029615004935834165
    ],
    [
      0.9851924975320835,
      0.0029615004935834165,
      0.0029615004935834165,
      0.0029615004935834165,
      0.0029615004935834165,
      0.0029615004935834165
    ],
    [
      0.9851924975320835,
      0.0029615004935834165,
      0.0029615004935834165,
      0.0029615004935834165,
      0.0029615004935834165,
      0.0029615004935834165
    ],
    [
      0.9851924975320835,
      0.0029615004935834165,
      0.0029615004935834165,
      0.0029615004935834165,
      0.0029615004935834165,
      0.0029615004935834165
    ],
    [
      0.9851924975320835,
      0.0029615004935834165,
      0.0029615004935834165,
      0.0029615004935834165,
      0.0029615004935834165,
      0.0029615004935834165
    ],
    [
      0.9851924975320835,
      0.0029615004935834165,
      0.0029615004935834165,
      0.0029615004935834165,
      0.0029615004935834165,
      0.0029615004935834165
    ],
    [
      0.9851924975320835,
      0.0029615004935834165,
      0.0029615004935834165,
      0.0029615004935834165,
      0.0029615004935834165,
      0.0029615004935834165
    ]
  ],
  [
    [
      0.9851924975320835,
      0.0029615004935834165,
      0.0029615004935834165,
      0.0029615004935834165,
      0.0029615004935834165,
      0.0029615004935834165
    ],
    [
      0.9176977061236408,
      0.02008184900156925,
      0.004043403935569105,
      0.0029915223420091115,
      0.052193996255202685,
      0.0029915223420091115
    ],
    [
      0.8631844054877119,
      0.026166916420891917,
      0.004428977810573962,
      0.0029930925743077937,
      0.1002335151322066,
      0.0029930925743077937
    ],
    [
      0.8144515464425257,
      0.02816825914441158,
      0.0042267648397757715,
      0.002993164877516232,
      0.1471670998182547,
      0.002993164877516232
    ],
    [
      0.4411118442035994,
      0.030035467212229883,
      0.004409200415151465,
      0.0029931011034221968,
      0.518457285962175,
      0.0029931011034221968
    ],
    [
      0.3873116772708427,
      0.0383401389935389,
      0.005060155663810714,
      0.0029936283595382376,
      0.5633007713527312,
      0.0029936283595382376
    ],
    [
      0.6899182313635569,
      0.053487449103030535,
      0.006226585022539329,
      0.003727681893103525,
      0.24364563569964398,
      0.0029944169181257223
    ],
    [
      0.5489849085879855,
      0.05524939351824603,
      0.005521991228378881,
      0.003401528041797952,
      0.3838479570503283,
      0.002994221573263292
    ],
    [
      0.7804290166270266,
      0.05831026479444919,
      0.0065875091312220056,
      0.004108913558522364,
      0.14756975572577194,
      0.00299454016300798
    ],
    [
      0.7937573065687075,
      0.056632886717038436,
      0.006916069344915873,
      0.004407902863572487,
      0.1352912674262728,
      0.002994567079493059
    ],
    [
      0.7554605142965586,
      0.05501426734072838,
      0.006900072336515958,
      0.00444579766586558,
      0.17518482885592063,
      0.002994519504410901
    ],
    [
      0.7038377608258332,
      0.055073053271661246,
      0.0065555263497690565,
      0.004184710777779158,
      0.2273545037588915,
      0.002994445016065745
    ],
    [
      0.510696423123747,
      0.05363098286873569,
      0.0055060182109950865,
      0.0034394344585106313,
      0.4237329673288532,
      0.0029941740091586205
    ],
    [
      0.7804290166270266,
      0.05831026479444919,
      0.0065875091312220056,
      0.004108913558522364,
      0.14756975572577194,
      0.00299454016300798
    ],
    [
      0.8366252404436184,
      0.05422861937435509,
      0.006933800947138009,
      0.0042587408564654225,
      0.09495897856516813,
      0.002994619813254985
    ],
    [
      0.7937908997894635,
      0.04607217002121461,
      0.006521708049187447,
      0.0037753020233436156,
      0.14684522124557153,
      0.0029946988712192613
    ],
    [
      0.5690227181366772,
      0.03662815421108351,
      0.004784152137717912,
      0.002994036110020634,
      0.38357690329448013,
      0.002994036110020634
    ],
    [
      0.8529662305516581,
      0.03443911317212291,
      0.004240944275116962,
      0.002993312290462996,
      0.10236708742017607,
      0.002993312290462996
    ],
    [
      0.8558435310376089,
      0.0318750296545891,
      0.004492614623841535,
      0.002993297912480443,
      0.10180222885899946,
      0.002993297912480443
    ],
    [
      0.5853721336244405,
      0.02411835923875573,
      0.004474765780657826,
      0.0029922300658146144,
      0.38005028122451673,
      0.0029922300658146144
    ],
    [
      0.9851924975320835,
      0.0029615004935834165,
      0.0029615004935834165,
      0.0029615004935834165,
      0.0029615004935834165,
      0.0029615004935834165
    ],
    [
      0.9851924975320835,
      0.0029615004935834165,
      0.0029615004935834165,
      0.0029615004935834165,
      0.0029615004935834165,
      0.0029615004935834165
    ],
    [
      0.5411614560561516,
      0.021414439548575137,
      0.00482597932902034,
      0.002992126131612912,
      0.4266138728030272,
      0.002992126131612912
    ],
    [
      0.8384835256998019,
      0.039949789253686654,
      0.00896145588124331,
      0.003460841385878706,
      0.10614977910170256,
      0.00299460867768685
    ],
    [
      0.863228448211948,
      0.08616037705746375,
      0.021265990068706504,
      0.0042796126092142905,
      0.022070907442560336,
      0.0029946646101072253
    ],
    [
      0.7169366674786962,
      0.16969474153730313,
      0.05683384474773054,
      0.009816256638909601,
      0.04372353726772641,
      0.0029949523296341454
    ],
    [
      0.6595903273806958,
      0.19296183192105987,
      0.07704016781038024,
      0.012385836435247035,
      0.05502635863130963,
      0.0029954778213075535
    ],
    [
      0.6645456977515195,
      0.15854209113326276,
      0.08471783070809664,
      0.010771668410683765,
      0.07842722912692823,
      0.0029954828695092205
    ],
    [
      0.7019355499411795,
      0.10426315198819196,
      0.05767817949573624,
      0.006038552863920776,
      0.12708945319866086,
      0.002995112512310849
    ],
    [
      0.6224963194861834,
      0.16096053348203193,
      0.06862147794220143,
      0.009743560330132876,
      0.13518342182503013,
      0.0029946869344202017
    ],
    [
      0.5905783644607618,
      0.19739060237163789,
      0.06359103076118079,
      0.011270926356112248,
      0.13417467200618985,
      0.002994404044117456
    ],
    [
      0.47008603495899615,
      0.20174505209511606,
      0.052630495251449694,
      0.010261798579854748,
      0.2622822935265707,
      0.0029943255880129096
    ],
    [
      0.6128523465848412,
      0.21244001486164552,
      0.06045836408277094,
      0.011470487385850337,
      0.09978384736936027,
      0.0029949397155317296
    ],
    [
      0.5943977928464865,
      0.22485076600102952,
      0.0605504207195955,
      0.01211601205664419,
      0.10508992145768603,
      0.002995086918558402
    ],
    [
      0.40255293385488367,
      0.19745171900770186,
      0.044392437524350896,
      0.00955386787458352,
      0.3430543267705612,
      0.002994714967918999
    ],
    [
      0.40684671113905246,
      0.10841949722926933,
      0.01702724810021001,
      0.00477132459295866,
      0.459940715961807,
      0.002994502976702665
    ],
    [
      0.6065205514907013,
      0.051087919981641694,
      0.007320098960848858,
      0.0036841387695067495,
      0.3283927329070074,
      0.0029945578902941753
    ],
    [
      0.44038251854091026,
      0.028035989529560545,
      0.00492721888497428,
      0.0029937008034797864,
      0.5206668714375954,
      0.0029937008034797864
    ],
    [
      0.8246146670702887,
      0.01964211897654849,
      0.003993771659463709,
      0.0029914752512475292,
      0.145766491791204,
      0.0029914752512475292
    ],
    [
      0.9851924975320835,
      0.0029615004935834165,
      0.0029615004935834165,
      0.0029615004935834165,
      0.0029615004935834165,
      0.0029615004935834165
    ]
  ],
  [
    [
      0.9851924975320835,
      0.0029615004935834165,
      0.0029615004935834165,
      0.0029615004935834165,
      0.0029615004935834165,
      0.0029615004935834165
    ],
    [
      0.8581941819913057,
      0.02940402886616796,
      0.004887589624808432,
      0.0029937799250703352,
      0.10152663966757737,
      0.0029937799250703352
    ],
    [
      0.5613915983360017,
      0.0446673340319615,
      0.003238694026060892,
      0.0031328169149014793,
      0.38457471880452415,
      0.002994837886550224
    ],
    [
      0.7862058732074172,
      0.052973517958390164,
      0.002993377819917332,
      0.003028644644639777,
      0.1518052085497182,
      0.002993377819917332
    ],
    [
      0.6940212564474255,
      0.055664376522857065,
      0.0029935224639847293,
      0.003028791716709847,
      0.2412985303850383,
      0.0029935224639847293
    ],
    [
      0.4034861251749666,
      0.07470324273950671,
      0.0029934923583053706,
      0.0034915678269868814,
      0.5123320795419292,
      0.0029934923583053706
    ],
    [
      0.649388305374794,
      0.13249911156418842,
      0.002994641040435318,
      0.005059184622372813,
      0.20706411635777414,
      0.002994641040435318
    ],
    [
      0.6764440526760933,
      0.16437461585253105,
      0.0029947217878256577,
      0.0059338084454733635,
      0.14725807945025102,
      0.0029947217878256577
    ],
    [
      0.6093944860632742,
      0.1712687704142981,
      0.0030438859000996112,
      0.006373192335703997,
      0.2069247720876601,
      0.002994893198964057
    ],
    [
      0.3834587922370718,
      0.14974888734590164,
      0.003112023426666366,
      0.00653629246183433,
      0.45414938489352535,
      0.0029946196350006736
    ],
    [
      0.3175707928322073,
      0.1377640868538805,
      0.003082142743993431,
      0.006340604636470997,
      0.5322478425021223,
      0.0029945304313255604
    ],
    [
      0.3137130347507981,
      0.14954935188762822,
      0.0029942905684826643,
      0.006404204035225959,
      0.5243448281893826,
      0.0029942905684826643
    ],
    [
      0.5891379856560579,
      0.1698729346930837,
      0.002994519580285357,
      0.006280759529716324,
      0.2287192809605714,
      0.002994519580285357
    ],
    [
      0.6696417655787945,
      0.16133593953638106,
      0.003072742114959541,
      0.006141660523104227,
      0.15681291288877316,
      0.0029949793579874514
    ],
    [
      0.5153436304472024,
      0.12685902285051956,
      0.0031647717385784122,
      0.005715123346945697,
      0.34592267451067643,
      0.002994777106077558
    ],
    [
      0.7472556963807102,
      0.09478070637155966,
      0.003060408159915461,
      0.004214598962659031,
      0.14769346969047636,
      0.002995120434679179
    ],
    [
      0.7892618238862346,
      0.08815626943467378,
      0.0029942043914371074,
      0.0036918776618216436,
      0.11290162023439583,
      0.0029942043914371074
    ],
    [
      0.842100236529991,
      0.08313610278647302,
      0.0029934771714031335,
      0.0034682797453360866,
      0.06530842659539378,
      0.0029934771714031335
    ],
    [
      0.8592911452929614,
      0.06861155525544713,
      0.0029950388529572203,
      0.003221036679976381,
      0.06288618506570075,
      0.0029950388529572203
    ],
    [
      0.8461274086018459,
      0.03985950678012198,
      0.0046486253682145404,
      0.0029949230036496856,
      0.10337461324251837,
      0.0029949230036496856
    ],
    [
      0.7655746046458267,
      0.029305031932428754,
      0.004827031582304722,
      0.00299380085250401,
      0.19430573013443173,
      0.00299380085250401
    ],
    [
      0.4446255115056537,
      0.02438250066996439,
      0.004819882349275367,
      0.002992785858677892,
      0.5201865337577508,
      0.002992785858677892
    ],
    [
      0.9851924975320835,
      0.0029615004935834165,
      0.0029615004935834165,
      0.0029615004935834165,
      0.0029615004935834165,
      0.0029615004935834165
    ],
    [
      0.8801753147522748,
      0.04324462160188286,
      0.009649251639246396,
      0.003590628142421046,
      0.060345474885074475,
      0.0029947089791003195
    ],
    [
      0.8328381225328751,
      0.10465734728313773,
      0.028482364020233904,
      0.005034638806344394,
      0.025992432409094608,
      0.0029950949483144593
    ],
    [
      0.6147112803872146,
      0.236181947565841,
      0.049651161530884155,
      0.010912039765094615,
      0.08554763842232248,
      0.0029959323286432027
    ],
    [
      0.4661436875464295,
      0.2794830115132721,
      0.07614388706580706,
      0.01661533770441578,
      0.15861600034099071,
      0.0029980758290849684
    ],
    [
      0.5437638030402575,
      0.1688409744041445,
      0.12401178074037746,
      0.012999924118360215,
      0.1473866391407389,
      0.0029968785561214914
    ],
    [
      0.40367582845086414,
      0.10802165590325856,
      0.10630217781941484,
      0.007078172890634549,
      0.3719259596842995,
      0.002996205251528596
    ],
    [
      0.33125633441231417,
      0.19930417559758165,
      0.06917713060622746,
      0.0105232927783554,
      0.38674434354142595,
      0.002994723064095422
    ],
    [
      0.3641123820877494,
      0.323644137387286,
      0.031811675318985,
      0.014043558946636957,
      0.2633938837882559,
      0.0029943624710867963
    ],
    [
      0.428942637016925,
      0.3097546084541823,
      0.01932583928789983,
      0.011548337070729038,
      0.22743383000256273,
      0.00299474816770115
    ],
    [
      0.412440209356977,
      0.35431412742726215,
      0.02136420100452047,
      0.013465964557943843,
      0.19541938939676237,
      0.0029961082565340565
    ],
    [
      0.35919800705942323,
      0.40581808688459325,
      0.02153431871877793,
      0.01645863838495214,
      0.19399457605728823,
      0.002996372894965151
    ],
    [
      0.4558455715913341,
      0.33430012457935054,
      0.016056892701777823,
      0.012553121900959335,
      0.1782478330401339,
      0.002996456186444234
    ],
    [
      0.5439469654873713,
      0.20459256655846428,
      0.008231065958421907,
      0.007708612795435729,
      0.232524627393992,
      0.0029961618063146737
    ],
    [
      0.3502144450157651,
      0.0793922339912879,
      0.0033864285533131504,
      0.0039406338364535625,
      0.5600716062909724,
      0.00299465231220776
    ],
    [
      0.3821854123410416,
      0.03904580634095046,
      0.0030419772052328892,
      0.00310515365358937,
      0.5696272158799892,
      0.002994434579196623
    ],
    [
      0.819139566663081,
      0.02381582731979481,
      0.004065244841116021,
      0.0029927972897114425,
      0.1469937665965854,
      0.0029927972897114425
    ],
    [
      0.9851924975320835,
      0.0029615004935834165,
      0.0029615004935834165,
      0.0029615004935834165,
      0.0029615004935834165,
      0.0029615004935834165
    ]
  ],
  [
    [
      0.9851924975320835,
      0.0029615004935834165,
      0.0029615004935834165,
      0.0029615004935834165,
      0.0029615004935834165,
      0.0029615004935834165
    ],
    [
      0.8381977887362163,
      0.04768437684119876,
      0.00722929279967504,
      0.0035433563938530328,
      0.10035056375514054,
      0.002994621473916434
    ],
    [
      0.6806429205886056,
      0.0773493862046674,
      0.0033770679271253857,
      0.003780499900917029,
      0.23185515478665217,
      0.0029949705920323446
    ],
    [
      0.7186720239645324,
      0.08613567184217875,
      0.0029899889502267058,
      0.0036890620649842163,
      0.18552326422785118,
      0.0029899889502267058
    ],
    [
      0.7957609339003584,
      0.09061538451430792,
      0.0029901823405956394,
      0.0036134813369858667,
      0.10402983556715682,
      0.0029901823405956394
    ],
    [
      0.7681368301857762,
      0.11103257642869908,
      0.002990519807411582,
      0.004114504135576452,
      0.11073504963512526,
      0.002990519807411582
    ],
    [
      0.7233532193360059,
      0.18794215134777567,
      0.0029911617916213717,
      0.006577685700729906,
      0.07614462003224576,
      0.0029911617916213717
    ],
    [
      0.5876485043057317,
      0.293072235017367,
      0.0029907631027670765,
      0.01008211739296525,
      0.10321561707840204,
      0.0029907631027670765
    ],
    [
      0.3632432383131446,
      0.3217083010157813,
      0.0029897930047642547,
      0.010819736919724803,
      0.29824913774182094,
      0.0029897930047642547
    ],
    [
      0.47874727393150607,
      0.28305904338298915,
      0.002990272369229917,
      0.009648958526036162,
      0.22256417942100892,
      0.002990272369229917
    ],
    [
      0.505478416617509,
      0.2092116423351033,
      0.0029897787561745217,
      0.0071520423763537615,
      0.27217834115868506,
      0.0029897787561745217
    ],
    [
      0.2819168715511387,
      0.2818000073658866,
      0.002989208664906462,
      0.009262440913253426,
      0.42104226283990853,
      0.002989208664906462
    ],
    [
      0.4850802944042266,
      0.3186466488428888,
      0.002990327304472715,
      0.010753729392886812,
      0.17953867275105237,
      0.002990327304472715
    ],
    [
      0.5743048559145096,
      0.28758907928887445,
      0.0029900982604420786,
      0.009606660225078285,
      0.12251920805065354,
      0.0029900982604420786
    ],
    [
      0.6168875633676358,
      0.20021858341644413,
      0.0029896249259333666,
      0.006702707739994184,
      0.17021189562405906,
      0.0029896249259333666
    ],
    [
      0.7131431622058468,
      0.1758236009412272,
      0.0029898350982504062,
      0.0059187227679441505,
      0.09913484388848111,
      0.0029898350982504062
    ],
    [
      0.753184735675804,
      0.15824105111494907,
      0.002994881676925808,
      0.0053359309304321775,
      0.029159727268007238,
      0.0510836733338817
    ],
    [
      0.7442759955448737,
      0.12389490555595405,
      0.0029947861990868795,
      0.004320588684535273,
      0.023670247713867824,
      0.10084347630168226
    ],
    [
      0.8480005983267631,
      0.07739521131945147,
      0.002995730556416528,
      0.0032031800042989413,
      0.017271559426714624,
      0.05113372036635524
    ],
    [
      0.925150593438856,
      0.05415852960805646,
      0.0029926234158312165,
      0.0030188891520086182,
      0.011686740969416604,
      0.0029926234158312165
    ],
    [
      0.7953814444359809,
      0.04573931301203093,
      0.0029951289752974146,
      0.0029951289752974146,
      0.149893855626096,
      0.0029951289752974146
    ],
    [
      0.4317419973919264,
      0.03472478021056618,
      0.005020168139591919,
      0.0029949284060962794,
      0.522523197445723,
      0.0029949284060962794
    ],
    [
      0.7198967188349333,
      0.027374828083980642,
      0.005499283173998009,
      0.0029939420998683726,
      0.24124128570735123,
      0.0029939420998683726
    ],
    [
      0.9851924975320835,
      0.0029615004935834165,
      0.0029615004935834165,
      0.0029615004935834165,
      0.0029615004935834165,
      0.0029615004935834165
    ],
    [
      0.8632626004498706,
      0.07743763138455297,
      0.03227728184414932,
      0.004105977483553567,
      0.019921814707462664,
      0.0029946941304110158
    ],
    [
      0.6377906658381886,
      0.15669189509434875,
      0.10273941726333392,
      0.00970678710678105,
      0.0900749267229475,
      0.0029963079744001996
    ],
    [
      0.5217341109272112,
      0.15994883590002595,
      0.06537415597736967,
      0.009510776045424609,
      0.24043710338466756,
      0.002995017765300957
    ],
    [
      0.9851924975320835,
      0.0029615004935834165,
      0.0029615004935834165,
      0.0029615004935834165,
      0.0029615004935834165,
      0.0029615004935834165
    ],
    [
      0.9851924975320835,
      0.0029615004935834165,
      0.0029615004935834165,
      0.0029615004935834165,
      0.0029615004935834165,
      0.0029615004935834165
    ],
    [
      0.5631125050589566,
      0.18052361182291773,
      0.05361614002749221,
      0.009278846334489648,
      0.19047432502592962,
      0.002994571730214297
    ],
    [
      0.30058157881273273,
      0.3023842504309419,
      0.014556452616176644,
      0.010773928610850431,
      0.3687092968176136,
      0.0029944927116848756
    ],
    [
      0.2645060028477862,
      0.3232065040556014,
      0.0029890831998983015,
      0.010265472444984998,
      0.3960438542518309,
      0.0029890831998983015
    ],
    [
      0.24555883354795677,
      0.31945743471155774,
      0.002989457803385637,
      0.010278540444206846,
      0.4187262756895073,
      0.002989457803385637
    ],
    [
      0.30040048431003913,
      0.3138731389084413,
      0.002989949216969652,
      0.010511260660242048,
      0.36923521768733836,
      0.002989949216969652
    ],
    [
      0.5770906705648462,
      0.27343769776748245,
      0.0029906761175347994,
      0.00923971514676203,
      0.1342505642858398,
      0.0029906761175347994
    ],
    [
      0.7458588013923992,
      0.16886467299913516,
      0.002990535077250337,
      0.005829674465830812,
      0.07346578098813421,
      0.002990535077250337
    ],
    [
      0.7496300338692311,
      0.08627737836884167,
      0.0029896077261597903,
      0.003575150327238024,
      0.15453822198236977,
      0.0029896077261597903
    ],
    [
      0.7921879849995109,
      0.048708222397909014,
      0.002991958182547803,
      0.002991958182547803,
      0.15012791805493667,
      0.002991958182547803
    ],
    [
      0.9104104706589795,
      0.026169977363673495,
      0.0037383145719837923,
      0.0029927565787168592,
      0.05369572424792966,
      0.0029927565787168592
    ],
    [
      0.9851924975320835,
      0.0029615004935834165,
      0.0029615004935834165,
      0.0029615004935834165,
      0.0029615004935834165,
      0.0029615004935834165
    ]
  ],
  [
    [
      0.9851924975320835,
      0.0029615004935834165,
      0.0029615004935834165,
      0.0029615004935834165,
      0.0029615004935834165,
      0.0029615004935834165
    ],
    [
      0.7752791112875917,
      0.09490767802030621,
      0.019246069374539904,
      0.004553191893842829,
      0.10301935086963662,
      0.0029945985540828926
    ],
    [
      0.3770026187901368,
      0.14981813096467647,
      0.008520370850977246,
      0.006437043828517526,
      0.45522720586239496,
      0.002994629703297031
    ],
    [
      0.3149708454491225,
      0.15501071247410433,
      0.002988994988033006,
      0.006132090813609328,
      0.5179083612870979,
      0.002988994988033006
    ],
    [
      0.6286902286383568,
      0.14829988654920565,
      0.002989762366902992,
      0.005346191399923707,
      0.21168416867870796,
      0.002989762366902992
    ],
    [
      0.7557231049448488,
      0.1643981173132812,
      0.002990871829916481,
      0.005698090669454118,
      0.06819894341258301,
      0.002990871829916481
    ],
    [
      0.6922629918306448,
      0.25565115203769284,
      0.002994211305692886,
      0.009177141015596628,
      0.036920292504680104,
      0.002994211305692886
    ],
    [
      0.523357409856133,
      0.3676356172814735,
      0.0029939759889848405,
      0.014135029012558167,
      0.08888399187186573,
      0.0029939759889848405
    ],
    [
      0.42708336364594085,
      0.4020347437234639,
      0.00299168824068455,
      0.015101999341815935,
      0.1497965168074103,
      0.00299168824068455
    ],
    [
      0.5559605070241194,
      0.3395116971163165,
      0.002993158772948173,
      0.011711621269066903,
      0.08682985704460093,
      0.002993158772948173
    ],
    [
      0.6185704958614816,
      0.22456043723428062,
      0.002989982487177545,
      0.007271753772258601,
      0.1436173481576243,
      0.002989982487177545
    ],
    [
      0.2933174867603332,
      0.31105074775705716,
      0.0029896993919965842,
      0.010148594012389621,
      0.3795037726862271,
      0.0029896993919965842
    ],
    [
      0.3550738791540258,
      0.4191159500042511,
      0.0029931576493859337,
      0.01538998009890869,
      0.20443387544404262,
      0.0029931576493859337
    ],
    [
      0.5070020638784294,
      0.32951178433022915,
      0.0029903250933211467,
      0.011036653278957073,
      0.14646884832574217,
      0.0029903250933211467
    ],
    [
      0.36014069421807654,
      0.29763819993633783,
      0.0029889937304276395,
      0.00949898160351971,
      0.3267441367812107,
      0.0029889937304276395
    ],
    [
      0.5144208220798503,
      0.28323357704547303,
      0.002994953119856415,
      0.009553846460045132,
      0.13876791976649724,
      0.05102888152827785
    ],
    [
      0.4906796133191871,
      0.21515958606545957,
      0.002994409429331769,
      0.0073694086686300385,
      0.08355783232310281,
      0.20023915019428867
    ],
    [
      0.002961500493583416,
      0.002961500493583416,
      0.002961500493583416,
      0.002961500493583416,
      0.002961500493583416,
      0.985192497532083
    ],
    [
      0.6343767362534597,
      0.06578054925227653,
      0.0029943846697996768,
      0.002995992604246759,
      0.1931564577307871,
      0.10069587948943028
    ],
    [
      0.7894198690042534,
      0.05171590484029046,
      0.0029894824368500677,
      0.0029975310822004174,
      0.1498877301995555,
      0.0029894824368500677
    ],
    [
      0.8399908670285152,
      0.0478175655741236,
      0.002990664215761822,
      0.002990664215761822,
      0.1032195747500757,
      0.002990664215761822
    ],
    [
      0.7014467114799131,
      0.04624506317469976,
      0.0029943024645960577,
      0.0029943024645960577,
      0.24332531795159912,
      0.0029943024645960577
    ],
    [
      0.3830845857685367,
      0.03390129308268806,
      0.005126412111536459,
      0.002999890246422235,
      0.5236663178656965,
      0.05122150092512011
    ],
    [
      0.7062492558225547,
      0.03212748120732329,
      0.006897825481627125,
      0.00319627925209061,
      0.1506524491763623,
      0.1008767090600419
    ],
    [
      0.9851924975320835,
      0.0029615004935834165,
      0.0029615004935834165,
      0.0029615004935834165,
      0.0029615004935834165,
      0.0029615004935834165
    ],
    [
      0.9851924975320835,
      0.0029615004935834165,
      0.0029615004935834165,
      0.0029615004935834165,
      0.0029615004935834165,
      0.0029615004935834165
    ],
    [
      0.9851924975320835,
      0.0029615004935834165,
      0.0029615004935834165,
      0.0029615004935834165,
      0.0029615004935834165,
      0.0029615004935834165
    ],
    [
      0.9851924975320835,
      0.0029615004935834165,
      0.0029615004935834165,
      0.0029615004935834165,
      0.0029615004935834165,
      0.0029615004935834165
    ],
    [
      0.9851924975320835,
      0.0029615004935834165,
      0.0029615004935834165,
      0.0029615004935834165,
      0.0029615004935834165,
      0.0029615004935834165
    ],
    [
      0.7633579556523669,
      0.12980032339662972,
      0.01797038729648193,
      0.005192127867164453,
      0.08068466064660748,
      0.002994545140749581
    ],
    [
      0.45422155047885904,
      0.32022098135326577,
      0.008783249567706942,
      0.011301088772308707,
      0.20247724800821823,
      0.002995881819641286
    ],
    [
      0.40038428837751,
      0.33681587600626356,
      0.0029902031523477935,
      0.01157465087784854,
      0.2452447784336824,
      0.0029902031523477935
    ],
    [
      0.4464178090496282,
      0.2867358182902443,
      0.0029889534710262405,
      0.009681616753484518,
      0.2511868489645905,
      0.0029889534710262405
    ],
    [
      0.36655138097249235,
      0.1878927771143816,
      0.002988331176890046,
      0.006688749988731159,
      0.43289042957061485,
      0.002988331176890046
    ],
    [
      0.6910806624681249,
      0.1644553466584953,
      0.0029890207901930887,
      0.005560163874067255,
      0.1329257854189264,
      0.0029890207901930887
    ],
    [
      0.8232475948634984,
      0.1405832059699423,
      0.00298930864495925,
      0.004759321636792977,
      0.025431260239847903,
      0.00298930864495925
    ],
    [
      0.8789041856319065,
      0.09232032904337191,
      0.0029894271105898006,
      0.003528790367031153,
      0.019267840736510878,
      0.0029894271105898006
    ],
    [
      0.9118087895037583,
      0.06419049624633422,
      0.002992196455969854,
      0.003081593910475133,
      0.014934727427492675,
      0.002992196455969854
    ],
    [
      0.9534416194450354,
      0.029273299686939456,
      0.003753550597403344,
      0.0029928021503868004,
      0.007545925969848362,
      0.0029928021503868004
    ],
    [
      0.9851924975320835,
      0.0029615004935834165,
      0.0029615004935834165,
      0.0029615004935834165,
      0.0029615004935834165,
      0.0029615004935834165
    ]
  ],
  [
    [
      0.9851924975320835,
      0.0029615004935834165,
      0.0029615004935834165,
      0.0029615004935834165,
      0.0029615004935834165,
      0.0029615004935834165
    ],
    [
      0.6685623566225393,
      0.180872612123735,
      0.054179840393406266,
      0.009977690072414131,
      0.08341291044439174,
      0.0029945903435136265
    ],
    [
      0.44317379090161274,
      0.2916899998032676,
      0.017501853687802094,
      0.011184312945258179,
      0.23345524069619283,
      0.00299480196586667
    ],
    [
      0.25989558137805535,
      0.27593987437482465,
      0.00299146780088159,
      0.009304833158697588,
      0.4488767754866594,
      0.00299146780088159
    ],
    [
      0.383456152907121,
      0.1633727921009548,
      0.0037624120975631664,
      0.006152477488077884,
      0.44026155797112165,
      0.002994607435161471
    ],
    [
      0.7040841168487805,
      0.16732391569001104,
      0.008530488486012686,
      0.006101521567037302,
      0.11096484494839624,
      0.0029951124597623565
    ],
    [
      0.6469001292042064,
      0.27663856791608515,
      0.011629861937347446,
      0.010204504265475643,
      0.05163143568842458,
      0.0029955009884607407
    ],
    [
      0.5249080918856116,
      0.37964393918394473,
      0.006872665895675058,
      0.014062253979966906,
      0.07151642294978332,
      0.002996626105018447
    ],
    [
      0.52927105525756,
      0.3793381425065623,
      0.002994214354455732,
      0.013506862700131558,
      0.07189551082683468,
      0.002994214354455732
    ],
    [
      0.6507400887147201,
      0.2816679817556069,
      0.0029908898463725225,
      0.009485537394037185,
      0.05212461244289068,
      0.0029908898463725225
    ],
    [
      0.675053191021233,
      0.1972829693497918,
      0.0029894607870247416,
      0.0064047923482374895,
      0.11528012570668839,
      0.0029894607870247416
    ],
    [
      0.39152033591840923,
      0.2733018415118634,
      0.002989747429128687,
      0.008835836368792151,
      0.3203624913426781,
      0.002989747429128687
    ],
    [
      0.5010477070568164,
      0.3392372593602208,
      0.002993301459202385,
      0.011683051989433039,
      0.14204537867512504,
      0.002993301459202385
    ],
    [
      0.5155679152231334,
      0.286242848991399,
      0.0029951570892183667,
      0.009479518001343489,
      0.13465403494639644,
      0.051060525748509264
    ],
    [
      0.23416461698103214,
      0.27672494497949773,
      0.0029943661736617504,
      0.009109948106069259,
      0.3266105647212101,
      0.15039555903852897
    ],
    [
      0.2120548823062733,
      0.3105055409399407,
      0.0029958644207368646,
      0.011966308739695954,
      0.16231218985249735,
      0.30016521374085586
    ],
    [
      0.002961500493583416,
      0.002961500493583416,
      0.002961500493583416,
      0.002961500493583416,
      0.002961500493583416,
      0.985192497532083
    ],
    [
      0.13921322481964266,
      0.08547160717966831,
      0.002993526410745081,
      0.003914222450317149,
      0.518709926867247,
      0.2496974922723798
    ],
    [
      0.2876855351785695,
      0.06275349148243878,
      0.0029939871005521318,
      0.0032350491254794175,
      0.5925622243031841,
      0.050769712809776074
    ],
    [
      0.46950035934663115,
      0.04579898377654441,
      0.0029885544718327916,
      0.0029885544718327916,
      0.47573499346132625,
      0.0029885544718327916
    ],
    [
      0.8402742173125192,
      0.04739216182017192,
      0.0029896092480474886,
      0.0029896092480474886,
      0.10336479312316664,
      0.0029896092480474886
    ],
    [
      0.7913337424190241,
      0.04970962271987327,
      0.0029909578533984685,
      0.0029909578533984685,
      0.14998376130090735,
      0.0029909578533984685
    ],
    [
      0.33071799886482794,
      0.039316374301659254,
      0.0029970113010164014,
      0.0029970113010164014,
      0.5231573322566169,
      0.10081427197486299
    ],
    [
      0.002961500493583416,
      0.002961500493583416,
      0.002961500493583416,
      0.002961500493583416,
      0.002961500493583416,
      0.985192497532083
    ],
    [
      0.7105631622432357,
      0.030151077156798316,
