[
  [
    [
      0.9851924975320835,
      0.0029615004935834165,
      0.0029615004935834165,
      0.0029615004935834165,
      0.0029615004935834165,
      0.0029615004935834165
    ],
    [
      0.9851924975320835,
      0.0029615004935834165,
      0.0029615004935834165,
      0.0029615004935834165,
      0.0029615004935834165,
      0.0029615004935834165
    ],
    [
      0.9851924975320835,
      0.0029615004935834165,
      0.0029615004935834165,
      0.0029615004935834165,
      0.0029615004935834165,
      0.0029615004935834165
    ],
    [
      0.9851924975320835,
      0.0029615004935834165,
      0.0029615004935834165,
      0.0029615004935834165,
      0.0029615004935834165,
      0.0029615004935834165
    ],
    [
      0.9851924975320835,
      0.0029615004935834165,
      0.0029615004935834165,
      0.0029615004935834165,
      0.0029615004935834165,
      0.0029615004935834165
    ],
    [
      0.9851924975320835,
      0.0029615004935834165,
      0.0029615004935834165,
      0.0029615004935834165,
      0.0029615004935834165,
      0.0029615004935834165
    ],
    [
      0.9851924975320835,
      0.0029615004935834165,
      0.0029615004935834165,
      0.0029615004935834165,
      0.0029615004935834165,
      0.0029615004935834165
    ],
    [
      0.9851924975320835,
      0.0029615004935834165,
      0.0029615004935834165,
      0.0029615004935834165,
      0.0029615004935834165,
      0.0029615004935834165
    ],
    [
      0.9851924975320835,
      0.0029615004935834165,
      0.0029615004935834165,
      0.0029615004935834165,
      0.0029615004935834165,
      0.0029615004935834165
    ],
    [
      0.9851924975320835,
      0.0029615004935834165,
      0.0029615004935834165,
      0.0029615004935834165,
      0.0029615004935834165,
      0.0029615004935834165
    ],
    [
      0.9851924975320835,
      0.0029615004935834165,
      0.0029615004935834165,
      0.0029615004935834165,
      0.0029615004935834165,
      0.0029615004935834165
    ],
    [
      0.9851924975320835,
      0.0029615004935834165,
      0.0029615004935834165,
      0.0029615004935834165,
      0.0029615004935834165,
      0.0029615004935834165
    ],
    [
      0.9851924975320835,
      0.0029615004935834165,
      0.0029615004935834165,
      0.0029615004935834165,
      0.0029615004935834165,
      0.0029615004935834165
    ],
    [
      0.9851924975320835,
      0.0029615004935834165,
      0.0029615004935834165,
      0.0029615004935834165,
      0.0029615004935834165,
      0.0029615004935834165
    ],
    [
      0.9851924975320835,
      0.0029615004935834165,
      0.0029615004935834165,
      0.0029615004935834165,
      0.0029615004935834165,
      0.0029615004935834165
    ],
    [
      0.9851924975320835,
      0.0029615004935834165,
      0.0029615004935834165,
      0.0029615004935834165,
      0.0029615004935834165,
      0.0029615004935834165
    ],
    [
      0.9851924975320835,
      0.0029615004935834165,
      0.0029615004935834165,
      0.0029615004935834165,
      0.0029615004935834165,
      0.0029615004935834165
    ],
    [
      0.9851924975320835,
      0.0029615004935834165,
      0.0029615004935834165,
      0.0029615004935834165,
      0.0029615004935834165,
      0.0029615004935834165
    ],
    [
      0.9851924975320835,
      0.0029615004935834165,
      0.0029615004935834165,
      0.0029615004935834165,
      0.0029615004935834165,
      0.0029615004935834165
    ],
    [
      0.9851924975320835,
      0.0029615004935834165,
      0.0029615004935834165,
      0.0029615004935834165,
      0.0029615004935834165,
      0.0029615004935834165
    ],
    [
      0.9851924975320835,
      0.0029615004935834165,
      0.0029615004935834165,
      0.0029615004935834165,
      0.0029615004935834165,
      0.0029615004935834165
    ],
    [
      0.9851924975320835,
      0.0029615004935834165,
      0.0029615004935834165,
      0.0029615004935834165,
      0.0029615004935834165,
      0.0029615004935834165
    ],
    [
      0.9851924975320835,
      0.0029615004935834165,
      0.0029615004935834165,
      0.0029615004935834165,
      0.0029615004935834165,
      0.0029615004935834165
    ],
    [
      0.9851924975320835,
      0.0029615004935834165,
      0.0029615004935834165,
      0.0029615004935834165,
      0.0029615004935834165,
      0.0029615004935834165
    ],
    [
      0.9851924975320835,
      0.0029615004935834165,
      0.0029615004935834165,
      0.0029615004935834165,
      0.0029615004935834165,
      0.0029615004935834165
    ],
    [
      0.9851924975320835,
      0.0029615004935834165,
      0.0029615004935834165,
      0.0029615004935834165,
      0.0029615004935834165,
      0.0029615004935834165
    ],
    [
      0.9851924975320835,
      0.0029615004935834165,
      0.0029615004935834165,
      0.0029615004935834165,
      0.0029615004935834165,
      0.0029615004935834165
    ],
    [
      0.9851924975320835,
      0.0029615004935834165,
      0.0029615004935834165,
      0.0029615004935834165,
      0.0029615004935834165,
      0.0029615004935834165
    ],
    [
      0.9851924975320835,
      0.0029615004935834165,
      0.0029615004935834165,
      0.0029615004935834165,
      0.0029615004935834165,
      0.0029615004935834165
    ],
    [
      0.9851924975320835,
      0.0029615004935834165,
      0.0029615004935834165,
      0.0029615004935834165,
      0.0029615004935834165,
      0.0029615004935834165
    ],
    [
      0.9851924975320835,
      0.0029615004935834165,
      0.0029615004935834165,
      0.0029615004935834165,
      0.0029615004935834165,
      0.0029615004935834165
    ],
    [
      0.9851924975320835,
      0.0029615004935834165,
      0.0029615004935834165,
      0.0029615004935834165,
      0.0029615004935834165,
      0.0029615004935834165
    ],
    [
      0.9851924975320835,
      0.0029615004935834165,
      0.0029615004935834165,
      0.0029615004935834165,
      0.0029615004935834165,
      0.0029615004935834165
    ],
    [
      0.9851924975320835,
      0.0029615004935834165,
      0.0029615004935834165,
      0.0029615004935834165,
      0.0029615004935834165,
      0.0029615004935834165
    ],
    [
      0.9851924975320835,
      0.0029615004935834165,
      0.0029615004935834165,
      0.0029615004935834165,
      0.0029615004935834165,
      0.0029615004935834165
    ],
    [
      0.9851924975320835,
      0.0029615004935834165,
      0.0029615004935834165,
      0.0029615004935834165,
      0.0029615004935834165,
      0.0029615004935834165
    ],
    [
      0.9851924975320835,
      0.0029615004935834165,
      0.0029615004935834165,
      0.0029615004935834165,
      0.0029615004935834165,
      0.0029615004935834165
    ],
    [
      0.9851924975320835,
      0.0029615004935834165,
      0.0029615004935834165,
      0.0029615004935834165,
      0.0029615004935834165,
      0.0029615004935834165
    ],
    [
      0.9851924975320835,
      0.0029615004935834165,
      0.0029615004935834165,
      0.0029615004935834165,
      0.0029615004935834165,
      0.0029615004935834165
    ],
    [
      0.9851924975320835,
      0.0029615004935834165,
      0.0029615004935834165,
      0.0029615004935834165,
      0.0029615004935834165,
      0.0029615004935834165
    ]
  ],
  [
    [
      0.9851924975320835,
      0.0029615004935834165,
      0.0029615004935834165,
      0.0029615004935834165,
      0.0029615004935834165,
      0.0029615004935834165
    ],
    [
      0.8216078947590701,
      0.023284361280311233,
      0.004531493483223059,
      0.0029922084073800924,
      0.1445918336626355,
      0.0029922084073800924
    ],
    [
      0.4833834644587883,
      0.03327094295068824,
      0.005229767670530996,
      0.0029941940358483264,
      0.47212743684829583,
      0.0029941940358483264
    ],
    [
      0.7005996892573156,
      0.04925689451340321,
      0.007279504134126934,
      0.003475333159163616,
      0.23639402302978452,
      0.0029945559062061217
    ],
    [
      0.4935269963752383,
      0.09867692599879099,
      0.019392252491623962,
      0.004566091648150316,
      0.380843422847599,
      0.002994310638597407
    ],
    [
      0.5784537481844247,
      0.18706225911186364,
      0.05435018119210505,
      0.010095257451953268,
      0.16704385175969405,
      0.0029947022999590968
    ],
    [
      0.5636787779147271,
      0.2152323023519081,
      0.06033058080629664,
      0.011645953105102825,
      0.14611769422329332,
      0.0029946915986721937
    ],
    [
      0.3330009461412071,
      0.18608789756558455,
      0.044160744343474764,
      0.009110550378913791,
      0.42464558200883806,
      0.0029942795619817297
    ],
    [
      0.27360324124565905,
      0.09390374303259173,
      0.01645229947587892,
      0.004147020163613139,
      0.6088997103090418,
      0.002993985773215432
    ],
    [
      0.4327676004670676,
      0.04638274767238259,
      0.0062474176657781435,
      0.00299373828030459,
      0.5086147576341626,
      0.00299373828030459
    ],
    [
      0.7875726958941807,
      0.05131741482562677,
      0.006560449488578162,
      0.0038945308662641748,
      0.14766044926322877,
      0.0029944596621216102
    ],
    [
      0.8276061348948539,
      0.06074320418596418,
      0.0070000131218416525,
      0.004468374923533903,
      0.09718757489533529,
      0.002994697978471168
    ],
    [
      0.8213580238307234,
      0.06647216772484234,
      0.007094792198886042,
      0.0046952406628963704,
      0.09738491449396997,
      0.0029948610886820037
    ],
    [
      0.8276061348948539,
      0.06074320418596418,
      0.0070000131218416525,
      0.004468374923533903,
      0.09718757489533529,
      0.002994697978471168
    ],
    [
      0.8774960947862914,
      0.052877102807653835,
      0.006920994447924086,
      0.004117712215005858,
      0.05559351401638176,
      0.0029945817267429935
    ],
    [
      0.9301732256241789,
      0.0440849839473154,
      0.006480381017897794,
      0.003680707163466719,
      0.012586063266904911,
      0.0029946389802362485
    ],
    [
      0.9505910492687131,
      0.030659228688284416,
      0.004646193833989202,
      0.0029937719474349227,
      0.008115984314143431,
      0.0029937719474349227
    ],
    [
      0.860497136738231,
      0.029094381162706393,
      0.0042848837387898945,
      0.0029929826537605266,
      0.10013763305275171,
      0.0029929826537605266
    ],
    [
      0.5640257545790266,
      0.04255899609134111,
      0.0057976138980837776,
      0.002992976828679528,
      0.38163168177418955,
      0.002992976828679528
    ],
    [
      0.7034144419302166,
      0.0828379382766439,
      0.010378898176156198,
      0.003107057718336465,
      0.19726722317821221,
      0.002994440720434659
    ],
    [
      0.4850120498496098,
      0.10926465454327039,
      0.011522075972798113,
      0.0037498195132003994,
      0.38745720884288065,
      0.002994191278240692
    ],
    [
      0.6174406324925141,
      0.1196184640625382,
      0.011479906205160402,
      0.004001581136510367,
      0.24446504734018837,
      0.002994368763088498
    ],
    [
      0.4850120498496098,
      0.10926465454327039,
      0.011522075972798113,
      0.0037498195132003994,
      0.38745720884288065,
      0.002994191278240692
    ],
    [
      0.7927546163761928,
      0.08485186664382217,
      0.010747424137484154,
      0.0033390804948839636,
      0.1053124263728393,
      0.002994585974777677
    ],
    [
      0.9223956201467332,
      0.05001734728773617,
      0.007265606543741604,
      0.0035055168787440187,
      0.013821179703724493,
      0.002994729439320694
    ],
    [
      0.8553345609213258,
      0.03211976618128237,
      0.004705595111084205,
      0.0029939126163209076,
      0.10185225255366587,
      0.0029939126163209076
    ],
    [
      0.5796055322724425,
      0.02922112823749053,
      0.0043300684458238165,
      0.002993283325196913,
      0.3808567043938493,
      0.002993283325196913
    ],
    [
      0.7218175739854271,
      0.0296962305661218,
      0.004326140250765935,
      0.0029930429899354574,
      0.2381739692178143,
      0.0029930429899354574
    ],
    [
      0.43682779345980544,
      0.0380388335241217,
      0.006650629392845557,
      0.002992539601842785,
      0.5124976644195419,
      0.002992539601842785
    ],
    [
      0.68026143858446,
      0.060175080758578525,
      0.015401996218706377,
      0.0029935150815688003,
      0.23817445427511758,
      0.0029935150815688003
    ],
    [
      0.9851924975320835,
      0.0029615004935834165,
      0.0029615004935834165,
      0.0029615004935834165,
      0.0029615004935834165,
      0.0029615004935834165
    ],
    [
      0.8670642620062181,
      0.07775271227930011,
      0.0283800072108656,
      0.004232115836606244,
      0.01957678835085702,
      0.0029941143161528573
    ],
    [
      0.9851924975320835,
      0.0029615004935834165,
      0.0029615004935834165,
      0.0029615004935834165,
      0.0029615004935834165,
      0.0029615004935834165
    ],
    [
      0.7583358287225561,
      0.12571992427366901,
      0.061778325786841254,
      0.009003090643552888,
      0.04216857647889115,
      0.0029942540944895646
    ],
    [
      0.6919831627784326,
      0.15469759261795704,
      0.07655744686796218,
      0.011320401140714725,
      0.06244651657042905,
      0.0029948800245044064
    ],
    [
      0.7196331104379672,
      0.14940621361784653,
      0.0696965589129211,
      0.01009324351862578,
      0.04817598678805869,
      0.0029948867245807986
    ],
    [
      0.8168893290106521,
      0.08694311311915653,
      0.026115603198868912,
      0.004564005259874158,
      0.06249325898031846,
      0.002994690431129882
    ],
    [
      0.8333000667902362,
      0.05457707688558428,
      0.009406554894767268,
      0.003906827159150385,
      0.09581483151159353,
      0.0029946427586685464
    ],
    [
      0.8944904039824245,
      0.039489130212586925,
      0.007557274971683764,
      0.003358996514287711,
      0.0521099647620336,
      0.002994229556983486
    ],
    [
      0.9851924975320835,
      0.0029615004935834165,
      0.0029615004935834165,
      0.0029615004935834165,
      0.0029615004935834165,
      0.0029615004935834165
    ]
  ],
  [
    [
      0.9851924975320835,
      0.0029615004935834165,
      0.0029615004935834165,
      0.0029615004935834165,
      0.0029615004935834165,
      0.0029615004935834165
    ],
    [
      0.7948614234845336,
      0.04335178734198241,
      0.0067394263516700696,
      0.003710792226291269,
      0.14834192964866752,
      0.0029946409468553465
    ],
    [
      0.4500366127050389,
      0.0723563050426147,
      0.0039519708560079355,
      0.003818883837040723,
      0.466841383006126,
      0.0029948445531717558
    ],
    [
      0.6956485676781959,
      0.09526306668830259,
      0.003417340829226893,
      0.003919336007401599,
      0.19875670586124405,
      0.0029949829356289925
    ],
    [
      0.6324450240186767,
      0.1673210887361605,
      0.008763780861115534,
      0.006110066132923876,
      0.1823650765884927,
      0.0029949636626305704
    ],
    [
      0.30856437308968776,
      0.3178194858193631,
      0.01810554418809657,
      0.011757044361802032,
      0.3407579893779906,
      0.00299556316306006
    ],
    [
      0.3200487279861779,
      0.36477870752637054,
      0.020719751641623173,
      0.014636276699988572,
      0.27682161550831563,
      0.0029949206375241865
    ],
    [
      0.23304041087069485,
      0.3139943242379541,
      0.015557537275483943,
      0.011605114136830935,
      0.4228071588015296,
      0.002995454677506744
    ],
    [
      0.2789528447653272,
      0.14916406937317434,
      0.00718862834295252,
      0.006020267921763034,
      0.5556797016713478,
      0.002994487925435159
    ],
    [
      0.6676953814778627,
      0.08617771740919529,
      0.003180087213439156,
      0.0037139979789844314,
      0.2362382421067904,
      0.0029945738137279695
    ],
    [
      0.7132373277451729,
      0.12371787515251381,
      0.0030587322590199385,
      0.005033952490580202,
      0.15195729405132297,
      0.0029948183013902463
    ],
    [
      0.4649496082150361,
      0.16453220146736455,
      0.0034845343257170094,
      0.0071635733224671115,
      0.3568748278638998,
      0.0029952548055155706
    ],
    [
      0.569748028138117,
      0.21837665722401672,
      0.004193792233722843,
      0.008986216763135955,
      0.1956986891143919,
      0.0029966165266157104
    ],
    [
      0.46377495648203465,
      0.16564252531049511,
      0.0035477096538890415,
      0.007100382994644127,
      0.35693906165739286,
      0.002995363901544274
    ],
    [
      0.7576200787756636,
      0.12505362571081366,
      0.0032705299346083845,
      0.0051139501077926315,
      0.10594688159069793,
      0.0029949338804237786
    ],
    [
      0.900078205207237,
      0.07359605080844059,
      0.0029947719720954595,
      0.0035992697980437188,
      0.01673693024208774,
      0.0029947719720954595
    ],
    [
      0.88520282108809,
      0.04801205589987355,
      0.0029934006255759606,
      0.0031041309318866933,
      0.0576941908289979,
      0.0029934006255759606
    ],
    [
      0.7937940807808828,
      0.04658886657870032,
      0.0029926913594366116,
      0.0029926913594366116,
      0.15063897856210726,
      0.0029926913594366116
    ],
    [
      0.7579722165573837,
      0.07601427559792107,
      0.002994727102240986,
      0.0033546118373193705,
      0.156669441802894,
      0.002994727102240986
    ],
    [
      0.6871890531106679,
      0.1572298924460804,
      0.0042110503112236615,
      0.005350752340117657,
      0.14302433076275695,
      0.0029949210291534954
    ],
    [
      0.4763453551217084,
      0.2701907062130591,
      0.00472617319187942,
      0.00884447479912565,
      0.23689851159982184,
      0.0029947790744056157
    ],
    [
      0.3058916463001941,
      0.3072380659029172,
      0.004646120345383395,
      0.01003739813262175,
      0.3691922288573417,
      0.0029945404615418026
    ],
    [
      0.5258922051767909,
      0.2690064315621301,
      0.00475308063978071,
      0.008884458659977121,
      0.18846896468410607,
      0.002994859277215168
    ],
    [
      0.7551941010110872,
      0.15877915034745277,
      0.004428088625055097,
      0.005509014670900637,
      0.07309455356394678,
      0.0029950917815575744
    ],
    [
      0.8873597372692812,
      0.08363758777785624,
      0.0034653744281400323,
      0.0036669114017098057,
      0.018875154945752096,
      0.002995234177260748
    ],
    [
      0.8783762033444026,
      0.05394823826598926,
      0.0029943149173448265,
      0.003132272041893927,
      0.05855465651302472,
      0.0029943149173448265
    ],
    [
      0.8386119109053822,
      0.04890503305193395,
      0.0029937072669949964,
      0.0029937072669949964,
      0.10350193424169889,
      0.0029937072669949964
    ],
    [
      0.7463473877267813,
      0.05143994226763483,
      0.0029934991415134895,
      0.0030023076671561386,
      0.19322336405540091,
      0.0029934991415134895
    ],
    [
      0.3721761588371648,
      0.067191352239181,
      0.004694409396572629,
      0.003132332190966181,
      0.5498111481359016,
      0.002994599200213831
    ],
    [
      0.33982987759100886,
      0.10854678682049637,
      0.020486926232277478,
      0.004623495867368948,
      0.5235184210426718,
      0.002994492446176612
    ],
    [
      0.5601977310347958,
      0.19182105830838064,
      0.056002099748411235,
      0.01016009805846593,
      0.1788242495613281,
      0.0029947632886183797
    ],
    [
      0.6203469669013633,
      0.21502500531451404,
      0.06967534992364864,
      0.012246534952586612,
      0.0797112388966142,
      0.0029949040112731595
    ],
    [
      0.6881674255009684,
      0.1793240570708532,
      0.0738707910565939,
      0.011313271545518047,
      0.04432976757549648,
      0.00299468725057
    ],
    [
      0.9851924975320835,
      0.0029615004935834165,
      0.0029615004935834165,
      0.0029615004935834165,
      0.0029615004935834165,
      0.0029615004935834165
    ],
    [
      0.6356971712480067,
      0.13565732628166166,
      0.07192574096569583,
      0.012636468632805757,
      0.14108747626870916,
      0.0029958166031207874
    ],
    [
      0.6655154576675334,
      0.1570115466798258,
      0.07283674059998459,
      0.01088465549484031,
      0.09075644765853204,
      0.002995151899283942
    ],
    [
      0.6628672311105536,
      0.1293610787601433,
      0.03348409370462528,
      0.006275923526925376,
      0.16501669059517413,
      0.0029949823025784863
    ],
    [
      0.43200315787108373,
      0.12925352537736612,
      0.011705627790908352,
      0.005818897865773887,
      0.4182240457955221,
      0.002994745299345852
    ],
    [
      0.7173755932954465,
      0.07997023358505127,
      0.011196766387938184,
      0.0035176011497197244,
      0.18494530361175604,
      0.0029945019700882564
    ],
    [
      0.9851924975320835,
      0.0029615004935834165,
      0.0029615004935834165,
      0.0029615004935834165,
      0.0029615004935834165,
      0.0029615004935834165
    ]
  ],
  [
    [
      0.9851924975320835,
      0.0029615004935834165,
      0.0029615004935834165,
      0.0029615004935834165,
      0.0029615004935834165,
      0.0029615004935834165
    ],
    [
      0.8697618314333979,
      0.056607084617392174,
      0.006947666822532311,
      0.004174042811255412,
      0.05951471326507189,
      0.002994661050350358
    ],
    [
      0.7146053634777989,
      0.13466926503750484,
      0.0032444574563706727,
      0.005262996714063713,
      0.1392229023200827,
      0.0029950149941793424
    ],
    [
      0.6876131349951443,
      0.1714169901924907,
      0.0029897415480864323,
      0.0056691211108172756,
      0.12932127060537488,
      0.0029897415480864323
    ],
    [
      0.6078950786128191,
      0.20680254074906007,
      0.002989494719005912,
      0.00664975628696725,
      0.17267363491314167,
      0.002989494719005912
    ],
    [
      0.23782477613743602,
      0.2919579104587763,
      0.0029889118316505417,
      0.009305579107886574,
      0.45493391063260014,
      0.0029889118316505417
    ],
    [
      0.2026969372143883,
      0.3032725802103425,
      0.0029887678773861267,
      0.010055626803104116,
      0.4779973200173929,
      0.0029887678773861267
    ],
    [
      0.38892896708627084,
      0.25769064354255555,
      0.0029893165556414557,
      0.008895382467425019,
      0.3385063737924659,
      0.0029893165556414557
    ],
    [
      0.5797422373484163,
      0.15513659021771373,
      0.002989246645509841,
      0.005618336148579374,
      0.25352434299427085,
      0.002989246645509841
    ],
    [
      0.7430101981140511,
      0.1099689843800094,
      0.0029897322392446217,
      0.004189117246361552,
      0.13685223578108882,
      0.0029897322392446217
    ],
    [
      0.6526528910224562,
      0.17647441765906902,
      0.002991059662606528,
      0.006173520231452218,
      0.1587170517618096,
      0.002991059662606528
    ],
    [
      0.45036345523398746,
      0.3215804532306642,
      0.0029944407731569023,
      0.011631519088855633,
      0.2104356909001791,
      0.0029944407731569023
    ],
    [
      0.4402716296522136,
      0.3734584716539676,
      0.0029956213360022494,
      0.014744504933559098,
      0.16553415108825523,
      0.0029956213360022494
    ],
    [
      0.5111706125549919,
      0.33617212204223107,
      0.0029962359697258563,
      0.012341788139888158,
      0.1343230053234373,
      0.0029962359697258563
    ],
    [
      0.694379009075296,
      0.18479803044054388,
      0.00299173410687942,
      0.006899873683722578,
      0.10793961858667869,
      0.00299173410687942
    ],
    [
      0.7991535515111222,
      0.09719583682820944,
      0.002990508687740882,
      0.004077018075334973,
      0.09359257620985167,
      0.002990508687740882
    ],
    [
      0.7917988715391203,
      0.05627077369395058,
      0.002989746643454704,
      0.0031594285758876563,
      0.14279143290413202,
      0.002989746643454704
    ],
    [
      0.5576709811118308,
      0.04732463292572856,
      0.0029887456132288853,
      0.0029887456132288853,
      0.38603814912275414,
      0.0029887456132288853
    ],
    [
      0.7950333950095877,
      0.08380259715835382,
      0.0029894358703061777,
      0.003468472218534966,
      0.1117166638729112,
      0.0029894358703061777
    ],
    [
      0.727190565756766,
      0.17974653390162298,
      0.0029898413123761168,
      0.005952523897797006,
      0.08113069381906207,
      0.0029898413123761168
    ],
    [
      0.3763556088638122,
      0.32217487759193814,
      0.002989202537323978,
      0.010499023437672764,
      0.2849920850319292,
      0.002989202537323978
    ],
    [
      0.37032921647993244,
      0.40118378357054774,
      0.0029893121534956732,
      0.014549655555417703,
      0.20795872008711105,
      0.0029893121534956732
    ],
    [
      0.5352029444191545,
      0.30994031217931556,
      0.0029947688195809436,
      0.010427681480508873,
      0.09039022818131226,
      0.05104406492012786
    ],
    [
      0.695619041923334,
      0.1645250604267105,
      0.0029947980001761277,
      0.0055377812883599135,
      0.030475504136677507,
      0.10084781422474208
    ],
    [
      0.8406582219223541,
      0.08377950917076671,
      0.0029950457497827493,
      0.0033314880921046274,
      0.018094478721238302,
      0.05114125634375356
    ],
    [
      0.9197047289263269,
      0.05898684379140155,
      0.002990545979583683,
      0.0030257803108282104,
      0.012301555012276071,
      0.002990545979583683
    ],
    [
      0.8812411016218671,
      0.05272169862969672,
      0.0029904624608464623,
      0.0029904624608464623,
      0.057065812365896994,
      0.0029904624608464623
    ],
    [
      0.7411839934465021,
      0.05584009687462501,
      0.0029900900826960266,
      0.003007698645177715,
      0.19398803086830327,
      0.0029900900826960266
    ],
    [
      0.5833501616796218,
      0.08200550263435091,
      0.002992298312771539,
      0.0034607684453028687,
      0.3251989706151813,
      0.002992298312771539
    ],
    [
      0.48650145947876133,
      0.1627865402832659,
      0.00813067275855222,
      0.005993324919663912,
      0.33359326309569226,
      0.0029947394640644945
    ],
    [
      0.32915816325158914,
      0.29822830695043384,
      0.017458986649403124,
      0.010988398370557872,
      0.34117154413694484,
      0.002994600641071386
    ],
    [
      0.40459838205474197,
      0.3647004951088644,
      0.03203100876244095,
      0.015661663618546248,
      0.18001364920362356,
      0.0029948012517829734
    ],
    [
      0.5611980924069834,
      0.2449405082200599,
      0.06884739980033511,
      0.01313990476519405,
      0.10887911445858307,
      0.002994980348844694
    ],
    [
      0.6999546165935356,
      0.15177877717032762,
      0.063635647815902,
      0.009765306202195234,
      0.07187098338227917,
      0.002994668835760299
    ],
    [
      0.9851924975320835,
      0.0029615004935834165,
      0.0029615004935834165,
      0.0029615004935834165,
      0.0029615004935834165,
      0.0029615004935834165
    ],
    [
      0.9851924975320835,
      0.0029615004935834165,
      0.0029615004935834165,
      0.0029615004935834165,
      0.0029615004935834165,
      0.0029615004935834165
    ],
    [
      0.44089228456236185,
      0.1717597700812546,
      0.05278325319614563,
      0.009795988750893153,
      0.3217739854804166,
      0.0029947179289283627
    ],
    [
      0.4630735212754008,
      0.219404352843432,
      0.02797198912505223,
      0.00925406528007858,
      0.27730103526226924,
      0.0029950362137672036
    ],
    [
      0.4729655529193708,
      0.10094908886889027,
      0.016653162843322755,
      0.00398519825493834,
      0.40245279421923613,
      0.002994202894241848
    ],
    [
      0.9851924975320835,
      0.0029615004935834165,
      0.0029615004935834165,
      0.0029615004935834165,
      0.0029615004935834165,
      0.0029615004935834165
    ]
  ],
  [
    [
      0.9851924975320835,
      0.0029615004935834165,
      0.0029615004935834165,
      0.0029615004935834165,
      0.0029615004935834165,
      0.0029615004935834165
    ],
    [
      0.9086549849634377,
      0.06148905344821402,
      0.006964063420068422,
      0.004294211231757405,
      0.015602977122712325,
      0.0029947098138100865
    ],
    [
      0.741656247923541,
      0.1665465627300704,
      0.0032579846862716413,
      0.00613765249637614,
      0.0794064967863269,
      0.0029950553774140388
    ],
    [
      0.44057581229951054,
      0.285628188724541,
      0.0029896352091733445,
      0.009185322927790054,
      0.2586314056298117,
      0.0029896352091733445
    ],
    [
      0.4382635282438471,
      0.30951987045713075,
      0.0029897409461241455,
      0.010289152623616616,
      0.23594796678315738,
      0.0029897409461241455
    ],
    [
      0.22362101443363863,
      0.28149772723069505,
      0.002988501843413716,
      0.009190271748679198,
      0.4797139829001598,
      0.002988501843413716
    ],
    [
      0.1440651618461841,
      0.19093545585578872,
      0.002987841850791592,
      0.007027817963727012,
      0.6519958806327172,
      0.002987841850791592
    ],
    [
      0.22801351814561402,
      0.17188836393353704,
      0.0029880625608750717,
      0.0066510241476641745,
      0.5874709686514347,
      0.0029880625608750717
    ],
    [
      0.38202153170971703,
      0.16435821624422098,
      0.002988405799464143,
      0.006237656164757662,
      0.4414057842823761,
      0.002988405799464143
    ],
    [
      0.6035852527078949,
      0.16539437005235347,
      0.0029900619723341455,
      0.005898632283080249,
      0.2191416210120033,
      0.0029900619723341455
    ],
    [
      0.3079452682174644,
      0.22332672835390582,
      0.0029934621129662363,
      0.008012495494748929,
      0.45472858370794855,
      0.0029934621129662363
    ],
    [
      0.23778416628849539,
      0.32351145552611105,
      0.0029913363551885295,
      0.011072745389106126,
      0.4216489600859105,
      0.0029913363551885295
    ],
    [
      0.3207797035172891,
      0.4340396641185361,
      0.002994376632569473,
      0.016644357154749725,
      0.2225475219442863,
      0.002994376632569473
    ],
    [
      0.48681699533510925,
      0.36295794682398297,
      0.002994573029426054,
      0.014576480385249354,
      0.12965943139680644,
      0.002994573029426054
    ],
    [
      0.5664802711899893,
      0.2280846156447896,
      0.002993683116838192,
      0.009858668760182982,
      0.18958907817136186,
      0.002993683116838192
    ],
    [
      0.49301655732878685,
      0.13208912352169527,
      0.002992893734960816,
      0.0055247265531931785,
      0.3633838051264033,
      0.002992893734960816
    ],
    [
      0.7946823489657464,
      0.06204627241950751,
      0.002990210532199633,
      0.003330538261976918,
      0.13396041928837013,
      0.002990210532199633
    ],
    [
      0.8351744145327842,
      0.05113163439542424,
      0.0029893871110267395,
      0.0029893871110267395,
      0.1047257897387115,
      0.0029893871110267395
    ],
    [
      0.803048837779895,
      0.0828207771302239,
      0.0029894479866161335,
      0.003506387013183024,
      0.10464510210346592,
      0.0029894479866161335
    ],
    [
      0.686120225159583,
      0.16718472223904568,
      0.002989743408238056,
      0.00577698792036651,
      0.1349385778645288,
      0.002989743408238056
    ],
    [
      0.5195531722421868,
      0.2807949774126976,
      0.00298964827415987,
      0.009424394996105525,
      0.18424815880069045,
      0.00298964827415987
    ],
    [
      0.4977601931681693,
      0.3142354059379874,
      0.002989652200891477,
      0.010735120608596807,
      0.17128997588346384,
      0.002989652200891477
    ],
    [
      0.4882695840364933,
      0.257474455246748,
      0.0029945124771206095,
      0.00869194338225156,
      0.09203788431462007,
      0.1505316205427664
    ],
    [
      0.002961500493583416,
      0.002961500493583416,
      0.002961500493583416,
      0.002961500493583416,
      0.002961500493583416,
      0.985192497532083
    ],
    [
      0.7145978481035071,
      0.0669086344888592,
      0.0029942092600329035,
      0.0029942092600329035,
      0.06192666854015063,
      0.15057843034741733
    ],
    [
      0.8280047290641143,
      0.05755736449396798,
      0.002990305120185141,
      0.0030255361569372415,
      0.10543176004461038,
      0.002990305120185141
    ],
    [
      0.7895467599373183,
      0.05129276380996151,
      0.0029902216135348093,
      0.0029902216135348093,
      0.15018981141211596,
      0.0029902216135348093
    ],
    [
      0.46621334181329327,
      0.05155376322848643,
      0.002989367841104446,
      0.003006970780624705,
      0.4732471884953868,
      0.002989367841104446
    ],
    [
      0.363949339068289,
      0.0801626302256156,
      0.0029891036489335244,
      0.003579616867822586,
      0.5463302065404059,
      0.0029891036489335244
    ],
    [
      0.32939310209066625,
      0.15593594252830908,
      0.0029890496114434602,
      0.006058633047248612,
      0.5026342231108893,
      0.0029890496114434602
    ],
    [
      0.44308125231149126,
      0.2775471922426055,
      0.0029894586075034507,
      0.009499598439158609,
      0.2638930397917378,
      0.0029894586075034507
    ],
    [
      0.48884295318189636,
      0.3114821833211902,
      0.006390877124466008,
      0.010853473368350765,
      0.17943570935775496,
      0.00299480364634181
    ],
    [
      0.4517356717200662,
      0.2672623130947765,
      0.019200163383596185,
      0.009689196982532962,
      0.2491178881689455,
      0.0029947666500826716
    ],
    [
      0.7661106247756903,
      0.122896646761355,
      0.026043225900578473,
      0.0051762485989759275,
      0.07677848197566906,
      0.0029947719877314745
    ],
    [
      0.9851924975320835,
      0.0029615004935834165,
      0.0029615004935834165,
      0.0029615004935834165,
      0.0029615004935834165,
      0.0029615004935834165
    ],
    [
      0.9851924975320835,
      0.0029615004935834165,
      0.0029615004935834165,
      0.0029615004935834165,
      0.0029615004935834165,
      0.0029615004935834165
    ],
    [
      0.6017340591594865,
      0.13116014112510585,
      0.059058619075455086,
      0.011504278093314385,
      0.19354735700092665,
      0.002995545545711591
    ],
    [
      0.5530108316797948,
      0.18375576297888474,
      0.0686733046856137,
      0.011358868487111061,
      0.18020591487493076,
      0.002995317293665034
    ],
    [
      0.6714080924422329,
      0.10012228227623218,
      0.026909391603999147,
      0.004574163829656022,
      0.19399156360721323,
      0.0029945062406666486
    ],
    [
      0.9851924975320835,
      0.0029615004935834165,
      0.0029615004935834165,
      0.0029615004935834165,
      0.0029615004935834165,
      0.0029615004935834165
    ]
  ],
  [
    [
      0.9851924975320835,
      0.0029615004935834165,
      0.0029615004935834165,
      0.0029615004935834165,
      0.0029615004935834165,
      0.0029615004935834165
    ],
    [
      0.8187264697922877,
      0.05992894770261066,
      0.006603501284137846,
      0.004071013142552178,
      0.10767548033966506,
      0.0029945877387465678
    ],
    [
      0.7107718365428045,
      0.17391670702512962,
      0.003089194254432744,
      0.00631741227195514,
      0.10290982142481445,
      0.0029950284808636387
    ],
    [
      0.545322982842573,
      0.31975109069930496,
      0.0029904932738043614,
      0.01073405204016265,
      0.11821088787035074,
      0.0029904932738043614
    ],
    [
      0.4051697214028244,
      0.4124137552526431,
      0.002992853833562618,
      0.015199584339891657,
      0.1612312313375154,
      0.002992853833562618
    ],
    [
      0.44161726778500027,
      0.2997746426109632,
      0.0029904079634855726,
      0.010422802463669063,
      0.24220447121339647,
      0.0029904079634855726
    ],
    [
      0.2652401600780499,
      0.19082337989420547,
      0.002988900710766501,
      0.0071423591922021345,
      0.5308162994140095,
      0.002988900710766501
    ],
    [
      0.396458921630333,
      0.2529455930095639,
      0.002989564491739685,
      0.00890981762306811,
      0.33570653875355566,
      0.002989564491739685
    ],
    [
      0.48523122514982,
      0.2853274195729493,
      0.002989815592955166,
      0.009899360223101306,
      0.21356236386821922,
      0.002989815592955166
    ],
    [
      0.47391943614988663,
      0.24976749657954822,
      0.0029895746748910142,
      0.00869542332595304,
      0.26163849459483013,
      0.0029895746748910142
    ],
    [
      0.2107406643400999,
      0.18393637594714032,
      0.002989082849140646,
      0.006855451479818867,
      0.5924893425346598,
      0.002989082849140646
    ],
    [
      0.16402178456194563,
      0.259750397849361,
      0.0029887689074628992,
      0.008614758877919132,
      0.5616355208958485,
      0.0029887689074628992
    ],
    [
      0.21078846048780353,
      0.2967871338957948,
      0.0029891212918546402,
      0.010113265655903753,
      0.47633289737678863,
      0.0029891212918546402
    ],
    [
      0.4088234556823558,
      0.26428288177510156,
      0.0029898622708349185,
      0.009744460434932753,
      0.3111694775659404,
      0.0029898622708349185
    ],
    [
      0.3933204258939603,
      0.1585246772305408,
      0.0029897343304953316,
      0.006705072257628058,
      0.4354703559568802,
      0.0029897343304953316
    ],
    [
      0.722130629027986,
      0.09263459244524064,
      0.002990192048480755,
      0.0041199085341886085,
      0.17513448589562353,
      0.002990192048480755
    ],
    [
      0.8856430319593254,
      0.056462376294904665,
      0.0029898100527549327,
      0.003159334475347792,
      0.0487556371649124,
      0.0029898100527549327
    ],
    [
      0.9290080596548126,
      0.05132309670460035,
      0.002989450023508912,
      0.002989450023508912,
      0.010700493570060487,
      0.002989450023508912
    ],
    [
      0.8133398503508172,
      0.07997657294756168,
      0.0029893032391400654,
      0.003514064416162332,
      0.09719090580717873,
      0.0029893032391400654
    ],
    [
      0.47011789572254326,
      0.15335245386272606,
      0.0029897728171701513,
      0.005959113627179424,
      0.364590991153211,
      0.0029897728171701513
    ],
    [
      0.5139345351893168,
      0.21994771327529927,
      0.0029908500354205846,
      0.007591906616681591,
      0.2525441448478613,
      0.0029908500354205846
    ],
    [
      0.3398296387119441,
      0.2265378798569555,
      0.0029900254223112752,
      0.00829335172379346,
      0.4193590788626844,
      0.0029900254223112752
    ],
    [
      0.47236600291695907,
      0.18425370475317204,
      0.002994609045328122,
      0.0066714783852502265,
      0.13335511516996623,
      0.20035908972932434
    ],
    [
      0.002961500493583416,
      0.002961500493583416,
      0.002961500493583416,
      0.002961500493583416,
      0.002961500493583416,
      0.985192497532083
    ],
    [
      0.630065496719532,
      0.05690528800598027,
      0.002993134548506604,
