[
  [
    [
      0.9851924975320835,
      0.0029615004935834165,
      0.0029615004935834165,
      0.0029615004935834165,
      0.0029615004935834165,
      0.0029615004935834165
    ],
    [
      0.9851924975320835,
      0.0029615004935834165,
      0.0029615004935834165,
      0.0029615004935834165,
      0.0029615004935834165,
      0.0029615004935834165
    ],
    [
      0.9851924975320835,
      0.0029615004935834165,
      0.0029615004935834165,
      0.0029615004935834165,
      0.0029615004935834165,
      0.0029615004935834165
    ],
    [
      0.9851924975320835,
      0.0029615004935834165,
      0.0029615004935834165,
      0.0029615004935834165,
      0.0029615004935834165,
      0.0029615004935834165
    ],
    [
      0.9851924975320835,
      0.0029615004935834165,
      0.0029615004935834165,
      0.0029615004935834165,
      0.0029615004935834165,
      0.0029615004935834165
    ],
    [
      0.9851924975320835,
      0.0029615004935834165,
      0.0029615004935834165,
      0.0029615004935834165,
      0.0029615004935834165,
      0.0029615004935834165
    ],
    [
      0.9851924975320835,
      0.0029615004935834165,
      0.0029615004935834165,
      0.0029615004935834165,
      0.0029615004935834165,
      0.0029615004935834165
    ],
    [
      0.9851924975320835,
      0.0029615004935834165,
      0.0029615004935834165,
      0.0029615004935834165,
      0.0029615004935834165,
      0.0029615004935834165
    ],
    [
      0.9851924975320835,
      0.0029615004935834165,
      0.0029615004935834165,
      0.0029615004935834165,
      0.0029615004935834165,
      0.0029615004935834165
    ],
    [
      0.9851924975320835,
      0.0029615004935834165,
      0.0029615004935834165,
      0.0029615004935834165,
      0.0029615004935834165,
      0.0029615004935834165
    ],
    [
      0.9851924975320835,
      0.0029615004935834165,
      0.0029615004935834165,
      0.0029615004935834165,
      0.0029615004935834165,
      0.0029615004935834165
    ],
    [
      0.9851924975320835,
      0.0029615004935834165,
      0.0029615004935834165,
      0.0029615004935834165,
      0.0029615004935834165,
      0.0029615004935834165
    ],
    [
      0.9851924975320835,
      0.0029615004935834165,
      0.0029615004935834165,
      0.0029615004935834165,
      0.0029615004935834165,
      0.0029615004935834165
    ],
    [
      0.9851924975320835,
      0.0029615004935834165,
      0.0029615004935834165,
      0.0029615004935834165,
      0.0029615004935834165,
      0.0029615004935834165
    ],
    [
      0.9851924975320835,
      0.0029615004935834165,
      0.0029615004935834165,
      0.0029615004935834165,
      0.0029615004935834165,
      0.0029615004935834165
    ],
    [
      0.9851924975320835,
      0.0029615004935834165,
      0.0029615004935834165,
      0.0029615004935834165,
      0.0029615004935834165,
      0.0029615004935834165
    ],
    [
      0.9851924975320835,
      0.0029615004935834165,
      0.0029615004935834165,
      0.0029615004935834165,
      0.0029615004935834165,
      0.0029615004935834165
    ],
    [
      0.9851924975320835,
      0.0029615004935834165,
      0.0029615004935834165,
      0.0029615004935834165,
      0.0029615004935834165,
      0.0029615004935834165
    ],
    [
      0.9851924975320835,
      0.0029615004935834165,
      0.0029615004935834165,
      0.0029615004935834165,
      0.0029615004935834165,
      0.0029615004935834165
    ],
    [
      0.9851924975320835,
      0.0029615004935834165,
      0.0029615004935834165,
      0.0029615004935834165,
      0.0029615004935834165,
      0.0029615004935834165
    ],
    [
      0.9851924975320835,
      0.0029615004935834165,
      0.0029615004935834165,
      0.0029615004935834165,
      0.0029615004935834165,
      0.0029615004935834165
    ],
    [
      0.9851924975320835,
      0.0029615004935834165,
      0.0029615004935834165,
      0.0029615004935834165,
      0.0029615004935834165,
      0.0029615004935834165
    ],
    [
      0.9851924975320835,
      0.0029615004935834165,
      0.0029615004935834165,
      0.0029615004935834165,
      0.0029615004935834165,
      0.0029615004935834165
    ],
    [
      0.9851924975320835,
      0.0029615004935834165,
      0.0029615004935834165,
      0.0029615004935834165,
      0.0029615004935834165,
      0.0029615004935834165
    ],
    [
      0.9851924975320835,
      0.0029615004935834165,
      0.0029615004935834165,
      0.0029615004935834165,
      0.0029615004935834165,
      0.0029615004935834165
    ],
    [
      0.9851924975320835,
      0.0029615004935834165,
      0.0029615004935834165,
      0.0029615004935834165,
      0.0029615004935834165,
      0.0029615004935834165
    ],
    [
      0.9851924975320835,
      0.0029615004935834165,
      0.0029615004935834165,
      0.0029615004935834165,
      0.0029615004935834165,
      0.0029615004935834165
    ],
    [
      0.9851924975320835,
      0.0029615004935834165,
      0.0029615004935834165,
      0.0029615004935834165,
      0.0029615004935834165,
      0.0029615004935834165
    ],
    [
      0.9851924975320835,
      0.0029615004935834165,
      0.0029615004935834165,
      0.0029615004935834165,
      0.0029615004935834165,
      0.0029615004935834165
    ],
    [
      0.9851924975320835,
      0.0029615004935834165,
      0.0029615004935834165,
      0.0029615004935834165,
      0.0029615004935834165,
      0.0029615004935834165
    ],
    [
      0.9851924975320835,
      0.0029615004935834165,
      0.0029615004935834165,
      0.0029615004935834165,
      0.0029615004935834165,
      0.0029615004935834165
    ],
    [
      0.9851924975320835,
      0.0029615004935834165,
      0.0029615004935834165,
      0.0029615004935834165,
      0.0029615004935834165,
      0.0029615004935834165
    ],
    [
      0.9851924975320835,
      0.0029615004935834165,
      0.0029615004935834165,
      0.0029615004935834165,
      0.0029615004935834165,
      0.0029615004935834165
    ],
    [
      0.9851924975320835,
      0.0029615004935834165,
      0.0029615004935834165,
      0.0029615004935834165,
      0.0029615004935834165,
      0.0029615004935834165
    ],
    [
      0.9851924975320835,
      0.0029615004935834165,
      0.0029615004935834165,
      0.0029615004935834165,
      0.0029615004935834165,
      0.0029615004935834165
    ],
    [
      0.9851924975320835,
      0.0029615004935834165,
      0.0029615004935834165,
      0.0029615004935834165,
      0.0029615004935834165,
      0.0029615004935834165
    ],
    [
      0.9851924975320835,
      0.0029615004935834165,
      0.0029615004935834165,
      0.0029615004935834165,
      0.0029615004935834165,
      0.0029615004935834165
    ],
    [
      0.9851924975320835,
      0.0029615004935834165,
      0.0029615004935834165,
      0.0029615004935834165,
      0.0029615004935834165,
      0.0029615004935834165
    ],
    [
      0.9851924975320835,
      0.0029615004935834165,
      0.0029615004935834165,
      0.0029615004935834165,
      0.0029615004935834165,
      0.0029615004935834165
    ],
    [
      0.9851924975320835,
      0.0029615004935834165,
      0.0029615004935834165,
      0.0029615004935834165,
      0.0029615004935834165,
      0.0029615004935834165
    ]
  ],
  [
    [
      0.9851924975320835,
      0.0029615004935834165,
      0.0029615004935834165,
      0.0029615004935834165,
      0.0029615004935834165,
      0.0029615004935834165
    ],
    [
      0.8528536022962857,
      0.07688776891520192,
      0.03328917104710237,
      0.01655045024962706,
      0.01742526805670013,
      0.0029937394350828296
    ],
    [
      0.9851924975320835,
      0.0029615004935834165,
      0.0029615004935834165,
      0.0029615004935834165,
      0.0029615004935834165,
      0.0029615004935834165
    ],
    [
      0.5164359970495283,
      0.13707256334223863,
      0.061481727418941395,
      0.025292552915461727,
      0.2567228697337608,
      0.002994289540069303
    ],
    [
      0.599779596564186,
      0.20221878752577915,
      0.04563517721540938,
      0.0415639031824259,
      0.10780807515260206,
      0.0029944603595976806
    ],
    [
      0.6428732703155158,
      0.20119761119947505,
      0.037362935848036294,
      0.04026378430381804,
      0.07530801720364896,
      0.0029943811295059996
    ],
    [
      0.6627332546367701,
      0.16828874067983637,
      0.04091304548016841,
      0.02946040739066301,
      0.0956101081849477,
      0.0029944436276143514
    ],
    [
      0.7277651748944461,
      0.14556863812621226,
      0.040423044842507375,
      0.02544115416103591,
      0.05780743767968768,
      0.0029945502961105665
    ],
    [
      0.7538882599827128,
      0.1463475153788408,
      0.04043543091984599,
      0.025378488416243086,
      0.030955719356583235,
      0.0029945859457741783
    ],
    [
      0.719290614007492,
      0.16607312841208113,
      0.04191749458880164,
      0.026929927800275484,
      0.04279430997069942,
      0.002994525220650432
    ],
    [
      0.7024484140078031,
      0.17760274271773663,
      0.04228108437126252,
      0.027527639346599846,
      0.047145629388756556,
      0.002994490167841331
    ],
    [
      0.6761881533106835,
      0.17055845421832713,
      0.04837615014313077,
      0.027439460456734673,
      0.07444324845067068,
      0.0029945334204534084
    ],
    [
      0.6763489182415278,
      0.14235026790658606,
      0.054431355613734696,
      0.025755167260400516,
      0.0981198280021168,
      0.002994462975634128
    ],
    [
      0.7793832408839455,
      0.09746649150759926,
      0.04129146153864181,
      0.019351024715404775,
      0.05951391129485987,
      0.002993870059548699
    ],
    [
      0.9851924975320835,
      0.0029615004935834165,
      0.0029615004935834165,
      0.0029615004935834165,
      0.0029615004935834165,
      0.0029615004935834165
    ],
    [
      0.9851924975320835,
      0.0029615004935834165,
      0.0029615004935834165,
      0.0029615004935834165,
      0.0029615004935834165,
      0.0029615004935834165
    ],
    [
      0.9851924975320835,
      0.0029615004935834165,
      0.0029615004935834165,
      0.0029615004935834165,
      0.0029615004935834165,
      0.0029615004935834165
    ],
    [
      0.545686310335639,
      0.04645440919653899,
      0.014434556581507614,
      0.008826848936955525,
      0.3816038336888601,
      0.0029940412604989395
    ],
    [
      0.9851924975320835,
      0.0029615004935834165,
      0.0029615004935834165,
      0.0029615004935834165,
      0.0029615004935834165,
      0.0029615004935834165
    ],
    [
      0.9851924975320835,
      0.0029615004935834165,
      0.0029615004935834165,
      0.0029615004935834165,
      0.0029615004935834165,
      0.0029615004935834165
    ],
    [
      0.7582548310301725,
      0.08185625744133992,
      0.027152845497344893,
      0.009795462180475641,
      0.11994636636486912,
      0.0029942374857978835
    ],
    [
      0.7105826211957463,
      0.10051834689429025,
      0.024204750848470288,
      0.010521448793739724,
      0.15117834332218502,
      0.0029944889455684504
    ],
    [
      0.7305904070749597,
      0.1113615227071031,
      0.024253510220648422,
      0.013186137971017512,
      0.1176139055534325,
      0.0029945164728387283
    ],
    [
      0.6745098602822355,
      0.13614451345276524,
      0.03661753817129883,
      0.021159856251497095,
      0.12857376603049178,
      0.0029944658117115213
    ],
    [
      0.4873269120312084,
      0.14387456686040231,
      0.03894910040482512,
      0.01937581901581302,
      0.3074794030549151,
      0.002994198632836046
    ],
    [
      0.6141686801157243,
      0.15147926739063144,
      0.03950024405847198,
      0.02255849144391392,
      0.16929893648644032,
      0.0029943805048180585
    ],
    [
      0.48273497945380967,
      0.14765098284546138,
      0.03894628911482716,
      0.019538608849076215,
      0.30813494920598494,
      0.0029941905308408043
    ],
    [
      0.6798917850023133,
      0.15339359184037915,
      0.03977724789143311,
      0.024068576448948057,
      0.09987432331607966,
      0.0029944755008470066
    ],
    [
      0.7194962081887407,
      0.15452905784909093,
      0.040041887824845045,
      0.02564142030872138,
      0.05729689097499437,
      0.0029945348536076707
    ],
    [
      0.6276499253703226,
      0.15183574557509044,
      0.039752492615445695,
      0.024193933010975083,
      0.15357349922053865,
      0.0029944042076276065
    ],
    [
      0.4566185712758781,
      0.14687219292176407,
      0.03893392239842102,
      0.019601335832243678,
      0.334979822681102,
      0.002994154890591112
    ],
    [
      0.6798917850023133,
      0.15339359184037915,
      0.03977724789143311,
      0.024068576448948057,
      0.09987432331607966,
      0.0029944755008470066
    ],
    [
      0.7456190601218047,
      0.1553080377569811,
      0.040054269300716885,
      0.025578757271217,
      0.030445305046376832,
      0.002994570502903599
    ],
    [
      0.750212286860893,
      0.15153116325361943,
      0.04005708394594686,
      0.025415963125505443,
      0.02978892420708,
      0.0029945786069553114
    ],
    [
      0.7387956412681846,
      0.13409037835072643,
      0.036894940522864836,
      0.02272527338298171,
      0.06449920426983026,
      0.0029945622054122676
    ],
    [
      0.6820820827757801,
      0.09913713010360083,
      0.022744890468608912,
      0.013579029520883122,
      0.17946221910831453,
      0.0029946480228126115
    ],
    [
      0.46568385335380685,
      0.07349332642964633,
      0.012215771277358949,
      0.010786351430660056,
      0.4348251857451194,
      0.0029955117634085596
    ],
    [
      0.7608132301463789,
      0.04141271078291453,
      0.005671305203648457,
      0.00507581459493247,
      0.18402948409611014,
      0.002997455176015415
    ],
    [
      0.9161625158232811,
      0.024093834180531595,
      0.003917875369809343,
      0.002996291392839355,
      0.04983319184069923,
      0.002996291392839355
    ],
    [
      0.9851924975320835,
      0.0029615004935834165,
      0.0029615004935834165,
      0.0029615004935834165,
      0.0029615004935834165,
      0.0029615004935834165
    ]
  ],
  [
    [
      0.9851924975320835,
      0.0029615004935834165,
      0.0029615004935834165,
      0.0029615004935834165,
      0.0029615004935834165,
      0.0029615004935834165
    ],
    [
      0.8243245640904479,
      0.09219485146597252,
      0.03987122088183181,
      0.019782716060923244,
      0.020832604039068787,
      0.0029940434617558667
    ],
    [
      0.9851924975320835,
      0.0029615004935834165,
      0.0029615004935834165,
      0.0029615004935834165,
      0.0029615004935834165,
      0.0029615004935834165
    ],
    [
      0.5462672138384228,
      0.19823078266681643,
      0.0519400283945024,
      0.038359252123329586,
      0.16220819754214583,
      0.002994525434782893
    ],
    [
      0.4130542553575538,
      0.35560747344293464,
      0.028084709612232958,
      0.04289786410179399,
      0.1573609961272537,
      0.0029947013582310054
    ],
    [
      0.4863153515461061,
      0.3382617132102078,
      0.013462166514219543,
      0.03659498787099986,
      0.12237111143460323,
      0.0029946694238636423
    ],
    [
      0.4078968677114253,
      0.2793666318029779,
      0.01423663234711673,
      0.03190305930156008,
      0.2636021800497213,
      0.002994628787198771
    ],
    [
      0.5971294971231488,
      0.23356920382910282,
      0.014448587724140876,
      0.028008006442059478,
      0.12384978175657564,
      0.0029949231249725033
    ],
    [
      0.6181730138603251,
      0.23475029278674095,
      0.014458588711705286,
      0.027702383709068717,
      0.10192076828160167,
      0.002994952650558414
    ],
    [
      0.5878256184450612,
      0.2833444499288942,
      0.014808928662660857,
      0.03001915280033561,
      0.0810069727797305,
      0.0029948773833177425
    ],
    [
      0.5590807242268675,
      0.3210211154264297,
      0.016264266138697442,
      0.03284129645322992,
      0.06779769469351826,
      0.0029949030612571982
    ],
    [
      0.49731918887890914,
      0.2997514404399542,
      0.032692878943278575,
      0.03545503845747278,
      0.1317863498947469,
      0.002995103385638587
    ],
    [
      0.4427076924329444,
      0.1802895512319348,
      0.07081131961075174,
      0.030082071330425262,
      0.273114399798657,
      0.0029949655952868294
    ],
    [
      0.9851924975320835,
      0.0029615004935834165,
      0.0029615004935834165,
      0.0029615004935834165,
      0.0029615004935834165,
      0.0029615004935834165
    ],
    [
      0.9851924975320835,
      0.0029615004935834165,
      0.0029615004935834165,
      0.0029615004935834165,
      0.0029615004935834165,
      0.0029615004935834165
    ],
    [
      0.9851924975320835,
      0.0029615004935834165,
      0.0029615004935834165,
      0.0029615004935834165,
      0.0029615004935834165,
      0.0029615004935834165
    ],
    [
      0.7722491084336497,
      0.08361907136898693,
      0.034736979825858626,
      0.017647336783083355,
      0.0887536196361619,
      0.002993883952259515
    ],
    [
      0.9851924975320835,
      0.0029615004935834165,
      0.0029615004935834165,
      0.0029615004935834165,
      0.0029615004935834165,
      0.0029615004935834165
    ],
    [
      0.36494034792297514,
      0.11589998639157356,
      0.043969735846930834,
      0.018240100305424313,
      0.4539558623023779,
      0.002993967230718247
    ],
    [
      0.5297749589160253,
      0.14826428306156014,
      0.04474649320625063,
      0.02355587922429268,
      0.2506639468623603,
      0.002994438729510887
    ],
    [
      0.3677947894437859,
      0.16947050120863896,
      0.037563277565045385,
      0.020069619289469175,
      0.40210729769515596,
      0.002994514797904567
    ],
    [
      0.3267036438028876,
      0.2126215112863768,
      0.014058875589953985,
      0.02094887434247175,
      0.4226725353516713,
      0.0029945596266388033
    ],
    [
      0.3847754234014987,
      0.2259988632499952,
      0.00942539104667347,
      0.022918310938901145,
      0.35388738500941685,
      0.0029946263535148773
    ],
    [
      0.5803036375693926,
      0.24116693072848988,
      0.012548734372359963,
      0.026171303112835186,
      0.13681450507158482,
      0.0029948891453375984
    ],
    [
      0.5637114108152823,
      0.2766444756243368,
      0.013990977900213468,
      0.02827278566158688,
      0.114385502564204,
      0.002994847434376456
    ],
    [
      0.547786514876576,
      0.2895809316102949,
      0.01397936636365056,
      0.028745216899901636,
      0.11691315711016104,
      0.0029948131394160046
    ],
    [
      0.54441721931051,
      0.292272270507622,
      0.013976304966074386,
      0.028818631266733424,
      0.11752076985155759,
      0.0029948040975025397
    ],
    [
      0.5806512408591787,
      0.2905404078488474,
      0.014117481220213734,
      0.02950045466485431,
      0.0821955547565028,
      0.002994860650403174
    ],
    [
      0.5680079693371706,
      0.28455578763363687,
      0.014237573741181802,
      0.030234122391994352,
      0.09996969196266398,
      0.002994854933352409
    ],
    [
      0.37841835927064094,
      0.2789132736320803,
      0.014027020865929996,
      0.029854581436300636,
      0.29579217128938967,
      0.0029945935056586224
    ],
    [
      0.4955419104651384,
      0.2880196669483362,
      0.013955222568125702,
      0.028870476240848073,
      0.1706179819474329,
      0.0029947418301187233
    ],
    [
      0.5558424976722333,
      0.2920410868782254,
      0.014104575093532166,
      0.029623730787752257,
      0.10539328703183132,
      0.002994822536425589
    ],
    [
      0.5445141158372523,
      0.2883378812350439,
      0.014223833765872098,
      0.03041804183006637,
      0.11951131297000478,
      0.002994814361760599
    ],
    [
      0.5291441301299982,
      0.2716550892694671,
      0.01422181124224022,
      0.029615237110692,
      0.15236892385797818,
      0.002994808389624451
    ],
    [
      0.5028880229913866,
      0.21697275117420414,
      0.012642017050492801,
      0.02612584438437831,
      0.23837656027146542,
      0.002994804128072849
    ],
    [
      0.29217797814031543,
      0.15989911772049495,
      0.008654906209572972,
      0.021973276747453127,
      0.5143000760729234,
      0.0029946451092401844
    ],
    [
      0.4119601224361464,
      0.1382721764924443,
      0.005066816746689952,
      0.01691519552293501,
      0.4247902426218807,
      0.00299544617990384
    ],
    [
      0.322813382250796,
      0.07189584538323275,
      0.0038726466057397804,
      0.00850798167323989,
      0.5899128693638852,
      0.002997274723106476
    ],
    [
      0.7224572989982679,
      0.03412924460976632,
      0.004138079864660095,
      0.004117190309399343,
      0.23216063633225717,
      0.0029975498856492674
    ],
    [
      0.9851924975320835,
      0.0029615004935834165,
      0.0029615004935834165,
      0.0029615004935834165,
      0.0029615004935834165,
      0.0029615004935834165
    ]
  ],
  [
    [
      0.9851924975320835,
      0.0029615004935834165,
      0.0029615004935834165,
      0.0029615004935834165,
      0.0029615004935834165,
      0.0029615004935834165
    ],
    [
      0.8358350558336473,
      0.08572581421611479,
      0.036766349343282025,
      0.01831053583767772,
      0.02036835776120895,
      0.0029938870080693236
    ],
    [
      0.9851924975320835,
      0.0029615004935834165,
      0.0029615004935834165,
      0.0029615004935834165,
      0.0029615004935834165,
      0.0029615004935834165
    ],
    [
      0.437896017222529,
      0.1948704533616848,
      0.06607496111930312,
      0.029143097666114226,
      0.26902064587964875,
      0.0029948247507202265
    ],
    [
      0.48503974932446275,
      0.33583874887036586,
      0.01979104077818873,
      0.03326485365840553,
      0.12307080155149257,
      0.0029948058170845633
    ],
    [
      0.519267225174465,
      0.35499360961646687,
      0.0029893767861204398,
      0.030974728367127034,
      0.08878568326970039,
      0.0029893767861204398
    ],
    [
      0.5258911452505086,
      0.3064024390534271,
      0.002989510919793249,
      0.028828327915836394,
      0.1328990659406415,
      0.002989510919793249
    ],
    [
      0.523636986534281,
      0.25274588497456846,
      0.002989580039656983,
      0.026056043911526085,
      0.19158192450031045,
      0.002989580039656983
    ],
    [
      0.3973124445087775,
      0.2451330821896937,
      0.0046295601647480256,
      0.025448936918565004,
      0.32448135266753964,
      0.0029946235506762846
    ],
    [
      0.5536506534760312,
      0.28919692204018865,
      0.011061404128549857,
      0.030711086043761722,
      0.11238511606413483,
      0.0029948182473338836
    ],
    [
      0.516127323498072,
      0.32255699823183565,
      0.019241023611321927,
      0.03612239685584638,
      0.10295723457545708,
      0.002995023227466958
    ],
    [
      0.4227756708198455,
      0.2817667994044079,
      0.038664501234128686,
      0.04335318065309904,
      0.2104442565484844,
      0.0029955913400344474
    ],
    [
      0.5987061546630333,
      0.17232087304059215,
      0.04889321916314383,
      0.037049903074031484,
      0.1400352446136147,
      0.0029946054455845554
    ],
    [
      0.9851924975320835,
      0.0029615004935834165,
      0.0029615004935834165,
      0.0029615004935834165,
      0.0029615004935834165,
      0.0029615004935834165
    ],
    [
      0.49536123496575946,
      0.10498667446500977,
      0.04621467861728252,
      0.017616224769161748,
      0.33282727956700703,
      0.0029939076157795065
    ],
    [
      0.603486323323701,
      0.12696019478468853,
      0.0544285021863818,
      0.024434351520727596,
      0.18769632955140014,
      0.0029942986331009695
    ],
    [
      0.9851924975320835,
      0.0029615004935834165,
      0.0029615004935834165,
      0.0029615004935834165,
      0.0029615004935834165,
      0.0029615004935834165
    ],
    [
      0.3936970117899434,
      0.15361150967341167,
      0.0549837373829896,
      0.02974294624519971,
      0.36497070387155145,
      0.002994091036904186
    ],
    [
      0.28210382031542774,
      0.20128791222070383,
      0.04915008334058734,
      0.031941167281242334,
      0.43252273358272025,
      0.002994283259318513
    ],
    [
      0.297350288846278,
      0.26602200514836266,
      0.021098270775678173,
      0.029395136008756696,
      0.3831396786097124,
      0.0029946206112123337
    ],
    [
      0.4547179632049714,
      0.29625336266890656,
      0.010924758750586893,
      0.027964317516330807,
      0.20714455274149132,
      0.0029950451177132072
    ],
    [
      0.4738426076662509,
      0.30300016476725045,
      0.004441520719125217,
      0.027496770075834325,
      0.1882241085552656,
      0.0029948282162736515
    ],
    [
      0.5200919927974292,
      0.2992816347115924,
      0.002989322789155692,
      0.027665779416055483,
      0.1469819474966117,
      0.002989322789155692
    ],
    [
      0.5832028042823078,
      0.3047604650653975,
      0.0029899513865890718,
      0.028254788645601523,
      0.07780203923351527,
      0.0029899513865890718
    ],
    [
      0.5863697162307087,
      0.3293617272259753,
      0.002990860510280962,
      0.029290994631615056,
      0.04899584089113909,
      0.002990860510280962
    ],
    [
      0.5332323319457158,
      0.36921589601394084,
      0.002990962760121397,
      0.031066838523929573,
      0.06050300799617096,
      0.002990962760121397
    ],
    [
      0.5140203911651026,
      0.3808864463287024,
      0.002990638218716058,
      0.03214536618036904,
      0.06696651988839404,
      0.002990638218716058
    ],
    [
      0.5335885684860635,
      0.36858830522472347,
      0.002990724222927355,
      0.03138337144513507,
      0.060458306398223284,
      0.002990724222927355
    ],
    [
      0.5271315456404306,
      0.33133924565244693,
      0.0029905907535108223,
      0.029729279465708844,
      0.10581874773439212,
      0.0029905907535108223
    ],
    [
      0.4777356910377949,
      0.3249954020572949,
      0.0029902785800691237,
      0.029448691390221982,
      0.16183965835455014,
      0.0029902785800691237
    ],
    [
      0.48292022446619687,
      0.3638959945498172,
      0.002990950294425949,
      0.030693587896646772,
      0.11650829249848738,
      0.002990950294425949
    ],
    [
      0.4513766096791524,
      0.37996608930931003,
      0.0029912834654334313,
      0.03167972286695138,
      0.13099501121371945,
      0.0029912834654334313
    ],
    [
      0.27719501660228163,
      0.35295162459259605,
      0.002990128673518427,
      0.031449547933941516,
      0.3324235535241442,
      0.002990128673518427
    ],
    [
      0.2740600149998835,
      0.30147737810958886,
      0.002989245692012684,
      0.02918827174353682,
      0.3892958437629655,
      0.002989245692012684
    ],
    [
      0.24102836681873385,
      0.22584076439109785,
      0.002994317134658319,
      0.02378172471457956,
      0.4554692853612471,
      0.05088554157968342
    ],
    [
      0.14156810714724025,
      0.15626456851068002,
      0.002994135199096454,
      0.02115601657572108,
      0.5774129951820604,
      0.10060417738520183
    ],
    [
      0.14651131358789046,
      0.14467919111371558,
      0.0029944155883193714,
      0.02060781556400772,
      0.6342871692695001,
      0.050920094876566756
    ],
    [
      0.23330687490289537,
      0.12177844623155096,
      0.0029927220453451185,
      0.016715155068774763,
      0.6222140797060888,
      0.0029927220453451185
    ],
    [
      0.43318178147856873,
      0.042758603405549336,
      0.003279831856353153,
      0.005521183081096107,
      0.5122621198991306,
      0.0029964802793021198
    ],
    [
      0.9851924975320835,
      0.0029615004935834165,
      0.0029615004935834165,
      0.0029615004935834165,
      0.0029615004935834165,
      0.0029615004935834165
    ]
  ],
  [
    [
      0.9851924975320835,
      0.0029615004935834165,
      0.0029615004935834165,
      0.0029615004935834165,
      0.0029615004935834165,
      0.0029615004935834165
    ],
    [
      0.9851924975320835,
      0.0029615004935834165,
      0.0029615004935834165,
      0.0029615004935834165,
      0.0029615004935834165,
      0.0029615004935834165
    ],
    [
      0.7072140000241288,
      0.14009241150407087,
      0.05450835682277334,
      0.027103567209496124,
      0.06808704632638198,
      0.0029946181131490822
    ],
    [
      0.580284235589466,
      0.19952354931358235,
      0.05099141888802844,
      0.030428482772543813,
      0.13577735217823322,
      0.0029949612581462465
    ],
    [
      0.5268910537434331,
      0.28720364816164806,
      0.014213796514672734,
      0.02910846848152212,
      0.13958818230637318,
      0.0029948507923509313
    ],
    [
      0.578058953740322,
      0.30796873393765656,
      0.002989653043972002,
      0.028703968659201943,
      0.07928903757487558,
      0.002989653043972002
    ],
    [
      0.5673914519010429,
      0.2909054142126846,
      0.0029896542638416456,
      0.027889816339161537,
      0.10783400901942777,
      0.0029896542638416456
    ],
    [
      0.3985391972481618,
      0.2478483549226494,
      0.002989250872410594,
      0.02492972690183603,
      0.32270421918253167,
      0.002989250872410594
    ],
    [
      0.558624669595232,
      0.23315389417120855,
      0.01156502041929438,
      0.026973810968624196,
      0.16668774063326558,
      0.002994864212375378
    ],
    [
      0.6329898879524221,
      0.20785770357516936,
      0.041441949358391246,
      0.03330330096798979,
      0.08141227417940423,
      0.0029948839666233532
    ],
    [
      0.6006166808200101,
      0.1991933489012483,
      0.048460768675383695,
      0.03938579821632461,
      0.10934864893241454,
      0.002994754454618938
    ],
    [
      0.4649142959723781,
      0.1623484283039063,
      0.06465680172526202,
      0.02903738078372984,
      0.27604832506010657,
      0.0029947681546172943
    ],
    [
      0.9851924975320835,
      0.0029615004935834165,
      0.0029615004935834165,
      0.0029615004935834165,
      0.0029615004935834165,
      0.0029615004935834165
    ],
    [
      0.6983502788543303,
      0.14231516055795196,
      0.05140341768040522,
      0.028094977609826207,
      0.07684163166110408,
      0.0029945336363823853
    ],
    [
      0.5820204955785155,
      0.16858951798310054,
      0.05427169231865684,
      0.029753323737131146,
      0.16237011332284715,
      0.0029948570597486623
    ],
    [
      0.36787067951783314,
      0.1933832990114974,
      0.05834232823667336,
      0.031023573398298532,
      0.34638547840428685,
      0.0029946414314108803
    ],
    [
      0.34120960445656756,
      0.2048911026964546,
      0.06992474333228181,
      0.03109534171493728,
      0.3498843623148139,
      0.0029948454849448047
    ],
    [
      0.458563533284857,
      0.25308397842666347,
      0.0477129112108782,
      0.04234404250073879,
      0.1953006586101908,
      0.0029948759666718243
    ],
    [
      0.44660453188773613,
      0.3061687079015346,
      0.017936519776531924,
      0.03317109885854959,
      0.19312436143205902,
      0.0029947801435889283
    ],
    [
      0.4657610022436819,
      0.31094862664816425,
      0.00504159327568575,
      0.02817866525713819,
      0.1870751493817773,
      0.0029949631935526732
    ],
    [
      0.4685685830239493,
      0.370800675728184,
      0.0029934446416080285,
      0.02939842439972637,
      0.1252454275649244,
      0.0029934446416080285
    ],
    [
      0.5097447113839129,
      0.34749052362787763,
      0.0029899065288321062,
      0.029182243537183954,
      0.10760270839336154,
      0.0029899065288321062
    ],
    [
      0.5754878814685348,
      0.3231845774054934,
      0.002988800062791484,
      0.028123149244842376,
      0.06722679175554667,
      0.002988800062791484
    ],
    [
      0.5868791713607969,
      0.31065845313117124,
      0.002990160691822309,
      0.027706384518419683,
      0.06877566960596777,
      0.002990160691822309
    ],
    [
      0.5002943068126567,
      0.3698307890947932,
      0.002994589029173274,
      0.029895793948105497,
      0.09398993208609803,
      0.002994589029173274
    ],
    [
      0.4483980829738203,
      0.42519103578234874,
      0.0029957668432002158,
      0.032376762918583414,
      0.0880425846388471,
      0.0029957668432002158
    ],
    [
      0.40615145679085385,
      0.45496656146196807,
      0.0029941137981973937,
      0.03687619768986658,
      0.0960175564609167,
      0.0029941137981973937
    ],
    [
      0.4625492621147327,
      0.41128452137343485,
      0.002993883173575687,
      0.03315590824857167,
      0.08702254191610952,
      0.002993883173575687
    ],
    [
      0.4206176038225194,
      0.3692690975264322,
      0.0029947067916908294,
      0.030005098442857165,
      0.1741187866248096,
      0.0029947067916908294
    ],
    [
      0.2770993109893751,
      0.33855318627521186,
      0.0029927791650604706,
      0.02889958947099278,
      0.34946235493429945,
      0.0029927791650604706
    ],
    [
      0.3794686003805218,
      0.4179557743256053,
      0.002996588160319215,
      0.03134360910886993,
      0.16523883986436444,
      0.002996588160319215
    ],
    [
      0.3010462185893191,
      0.4629593679892544,
      0.0029967809343268027,
      0.03557784366954257,
      0.19442300788323044,
      0.0029967809343268027
    ],
    [
      0.2511016731568404,
      0.40227934737023613,
      0.0029942396390903042,
      0.032511364758155845,
      0.30811913543658725,
      0.0029942396390903042
    ],
    [
      0.4209599414557734,
      0.30500802815166417,
      0.0029953135285465,
      0.027865252482438624,
      0.19205604094403972,
      0.05111542343753759
    ],
    [
      0.3843519193262197,
      0.20118850706788532,
      0.0029942228239309703,
      0.021011315070013706,
      0.19024975896746013,
      0.20020427674449015
    ],
    [
      0.002961500493583416,
      0.002961500493583416,
      0.002961500493583416,
      0.002961500493583416,
      0.002961500493583416,
      0.985192497532083
    ],
    [
      0.22060930742113144,
      0.1496418346864382,
      0.0029942469257461094,
      0.019879397152711295,
      0.5062299672020462,
      0.10064524661192666
    ],
    [
      0.5753482414578658,
      0.14585422647365473,
      0.0029932267743115436,
      0.01666679433759071,
      0.25614428418226587,
      0.0029932267743115436
    ],
    [
      0.7901999506158485,
      0.05579575243887073,
      0.003823450213507804,
      0.006342491242458686,
      0.14084126937972005,
      0.002997086109594431
    ],
    [
      0.9851924975320835,
      0.0029615004935834165,
      0.0029615004935834165,
      0.0029615004935834165,
      0.0029615004935834165,
      0.0029615004935834165
    ]
  ],
  [
    [
      0.9851924975320835,
      0.0029615004935834165,
      0.0029615004935834165,
      0.0029615004935834165,
      0.0029615004935834165,
      0.0029615004935834165
    ],
    [
      0.808067234141292,
      0.10465760887661658,
      0.0402468796561444,
      0.020193883622274117,
      0.023840047607223927,
      0.0029943460964489874
    ],
    [
      0.7295303473700265,
      0.15979744543245278,
      0.04568883195915452,
      0.02757385586331809,
      0.03441445954952124,
      0.002995059825527026
    ],
    [
      0.6378869658211928,
      0.21387250011631706,
      0.01809067520240497,
      0.026413345465070077,
      0.100741511612521,
      0.0029950017824943304
    ],
    [
      0.4437332142921696,
      0.23416543989495514,
      0.004653503334770123,
      0.024047338131673153,
      0.2904058094253883,
      0.002994694921043701
    ],
    [
      0.6272436578887259,
      0.2429661119724321,
      0.0029898766719429603,
      0.02477545160561201,
      0.09903502518934405,
      0.0029898766719429603
    ],
    [
      0.6629944453526279,
      0.23957777344324274,
      0.002989976132983039,
      0.024793309915336004,
      0.06665451902282737,
      0.002989976132983039
    ],
    [
      0.639092018271217,
      0.23053678671661906,
      0.004554139705045935,
      0.025054824839501773,
      0.0977672715683363,
      0.002994958899280041
    ],
    [
      0.6630835550665372,
      0.21463936377344917,
      0.021343876740259136,
      0.027947851824164247,
      0.069990310909934,
      0.0029950416856564448
    ],
    [
      0.7180675319366961,
      0.15843689305654635,
      0.04816132291375881,
      0.029662328415916525,
      0.04267721040444402,
      0.002994713272638302
    ],
    [
      0.9851924975320835,
      0.0029615004935834165,
      0.0029615004935834165,
      0.0029615004935834165,
      0.0029615004935834165,
      0.0029615004935834165
    ],
    [
      0.9851924975320835,
      0.0029615004935834165,
      0.0029615004935834165,
      0.0029615004935834165,
      0.0029615004935834165,
      0.0029615004935834165
    ],
    [
      0.6875307364021319,
      0.1332421393868286,
      0.051387455659640535,
      0.025450450049989526,
      0.09939479867948421,
      0.0029944198219252474
    ],
    [
      0.6248756680313499,
      0.18099052299404894,
      0.048906284576726515,
      0.030816519604019797,
      0.11141609456216683,
      0.0029949102316880675
    ],
    [
      0.590064939381358,
      0.22960417591350446,
      0.021631235052081383,
      0.02910215763612586,
      0.12660256446124957,
      0.0029949275556808274
    ],
    [
      0.4633318181176013,
      0.2816460932704257,
      0.01769961088007417,
      0.030102021238469646,
      0.20422569493557208,
      0.002994761557857218
    ],
    [
      0.38949778532319834,
      0.333064784072769,
      0.019883040270361793,
      0.033490673058146854,
      0.22106904756226434,
      0.002994669713259757
    ],
    [
      0.37618088613400413,
      0.39563170739926673,
      0.013414957843832152,
      0.038781452069688166,
      0.17299593631062624,
      0.0029950602425825963
    ],
    [
      0.4036730857294861,
      0.3922359934797482,
      0.005236319480592962,
      0.03279701785776512,
      0.16306108495767088,
      0.002996498494736865
    ],
    [
      0.3111846500952396,
      0.333057249065628,
      0.0029917607776734144,
      0.02843446392689579,
      0.3213401153568899,
      0.0029917607776734144
    ],
    [
      0.4393537295094238,
      0.3607343055409625,
      0.002991608371070541,
      0.02942169413407848,
      0.16450705407339433,
      0.002991608371070541
    ],
    [
      0.4383556617532637,
      0.3976667232142639,
      0.002990919987615157,
      0.032998978682508395,
      0.12499679637473375,
      0.002990919987615157
    ],
    [
      0.5405381150300206,
      0.3562978705084331,
      0.0029907395481859867,
      0.02914412176310675,
      0.0680384136020675,
      0.0029907395481859867
    ],
    [
      0.5452092385980936,
      0.3291979234726705,
      0.002991667177202572,
      0.027972444580978983,
      0.09163705899385165,
      0.002991667177202572
    ],
    [
      0.3635279987340697,
      0.37174155472151177,
      0.0029947970065955427,
      0.03107680218773812,
      0.22766405034348938,
      0.0029947970065955427
    ],
