[
  [
    [
      0.9851924975320835,
      0.0029615004935834165,
      0.0029615004935834165,
      0.0029615004935834165,
      0.0029615004935834165,
      0.0029615004935834165
    ],
    [
      0.9851924975320835,
      0.0029615004935834165,
      0.0029615004935834165,
      0.0029615004935834165,
      0.0029615004935834165,
      0.0029615004935834165
    ],
    [
      0.9851924975320835,
      0.0029615004935834165,
      0.0029615004935834165,
      0.0029615004935834165,
      0.0029615004935834165,
      0.0029615004935834165
    ],
    [
      0.9851924975320835,
      0.0029615004935834165,
      0.0029615004935834165,
      0.0029615004935834165,
      0.0029615004935834165,
      0.0029615004935834165
    ],
    [
      0.9851924975320835,
      0.0029615004935834165,
      0.0029615004935834165,
      0.0029615004935834165,
      0.0029615004935834165,
      0.0029615004935834165
    ],
    [
      0.9851924975320835,
      0.0029615004935834165,
      0.0029615004935834165,
      0.0029615004935834165,
      0.0029615004935834165,
      0.0029615004935834165
    ],
    [
      0.9851924975320835,
      0.0029615004935834165,
      0.0029615004935834165,
      0.0029615004935834165,
      0.0029615004935834165,
      0.0029615004935834165
    ],
    [
      0.9851924975320835,
      0.0029615004935834165,
      0.0029615004935834165,
      0.0029615004935834165,
      0.0029615004935834165,
      0.0029615004935834165
    ],
    [
      0.9851924975320835,
      0.0029615004935834165,
      0.0029615004935834165,
      0.0029615004935834165,
      0.0029615004935834165,
      0.0029615004935834165
    ],
    [
      0.9851924975320835,
      0.0029615004935834165,
      0.0029615004935834165,
      0.0029615004935834165,
      0.0029615004935834165,
      0.0029615004935834165
    ],
    [
      0.9851924975320835,
      0.0029615004935834165,
      0.0029615004935834165,
      0.0029615004935834165,
      0.0029615004935834165,
      0.0029615004935834165
    ],
    [
      0.9851924975320835,
      0.0029615004935834165,
      0.0029615004935834165,
      0.0029615004935834165,
      0.0029615004935834165,
      0.0029615004935834165
    ],
    [
      0.9851924975320835,
      0.0029615004935834165,
      0.0029615004935834165,
      0.0029615004935834165,
      0.0029615004935834165,
      0.0029615004935834165
    ],
    [
      0.9851924975320835,
      0.0029615004935834165,
      0.0029615004935834165,
      0.0029615004935834165,
      0.0029615004935834165,
      0.0029615004935834165
    ],
    [
      0.9851924975320835,
      0.0029615004935834165,
      0.0029615004935834165,
      0.0029615004935834165,
      0.0029615004935834165,
      0.0029615004935834165
    ],
    [
      0.9851924975320835,
      0.0029615004935834165,
      0.0029615004935834165,
      0.0029615004935834165,
      0.0029615004935834165,
      0.0029615004935834165
    ],
    [
      0.9851924975320835,
      0.0029615004935834165,
      0.0029615004935834165,
      0.0029615004935834165,
      0.0029615004935834165,
      0.0029615004935834165
    ],
    [
      0.9851924975320835,
      0.0029615004935834165,
      0.0029615004935834165,
      0.0029615004935834165,
      0.0029615004935834165,
      0.0029615004935834165
    ],
    [
      0.9851924975320835,
      0.0029615004935834165,
      0.0029615004935834165,
      0.0029615004935834165,
      0.0029615004935834165,
      0.0029615004935834165
    ],
    [
      0.9851924975320835,
      0.0029615004935834165,
      0.0029615004935834165,
      0.0029615004935834165,
      0.0029615004935834165,
      0.0029615004935834165
    ],
    [
      0.9851924975320835,
      0.0029615004935834165,
      0.0029615004935834165,
      0.0029615004935834165,
      0.0029615004935834165,
      0.0029615004935834165
    ],
    [
      0.9851924975320835,
      0.0029615004935834165,
      0.0029615004935834165,
      0.0029615004935834165,
      0.0029615004935834165,
      0.0029615004935834165
    ],
    [
      0.9851924975320835,
      0.0029615004935834165,
      0.0029615004935834165,
      0.0029615004935834165,
      0.0029615004935834165,
      0.0029615004935834165
    ],
    [
      0.9851924975320835,
      0.0029615004935834165,
      0.0029615004935834165,
      0.0029615004935834165,
      0.0029615004935834165,
      0.0029615004935834165
    ],
    [
      0.9851924975320835,
      0.0029615004935834165,
      0.0029615004935834165,
      0.0029615004935834165,
      0.0029615004935834165,
      0.0029615004935834165
    ],
    [
      0.9851924975320835,
      0.0029615004935834165,
      0.0029615004935834165,
      0.0029615004935834165,
      0.0029615004935834165,
      0.0029615004935834165
    ],
    [
      0.9851924975320835,
      0.0029615004935834165,
      0.0029615004935834165,
      0.0029615004935834165,
      0.0029615004935834165,
      0.0029615004935834165
    ],
    [
      0.9851924975320835,
      0.0029615004935834165,
      0.0029615004935834165,
      0.0029615004935834165,
      0.0029615004935834165,
      0.0029615004935834165
    ],
    [
      0.9851924975320835,
      0.0029615004935834165,
      0.0029615004935834165,
      0.0029615004935834165,
      0.0029615004935834165,
      0.0029615004935834165
    ],
    [
      0.9851924975320835,
      0.0029615004935834165,
      0.0029615004935834165,
      0.0029615004935834165,
      0.0029615004935834165,
      0.0029615004935834165
    ],
    [
      0.9851924975320835,
      0.0029615004935834165,
      0.0029615004935834165,
      0.0029615004935834165,
      0.0029615004935834165,
      0.0029615004935834165
    ],
    [
      0.9851924975320835,
      0.0029615004935834165,
      0.0029615004935834165,
      0.0029615004935834165,
      0.0029615004935834165,
      0.0029615004935834165
    ],
    [
      0.9851924975320835,
      0.0029615004935834165,
      0.0029615004935834165,
      0.0029615004935834165,
      0.0029615004935834165,
      0.0029615004935834165
    ],
    [
      0.9851924975320835,
      0.0029615004935834165,
      0.0029615004935834165,
      0.0029615004935834165,
      0.0029615004935834165,
      0.0029615004935834165
    ],
    [
      0.9851924975320835,
      0.0029615004935834165,
      0.0029615004935834165,
      0.0029615004935834165,
      0.0029615004935834165,
      0.0029615004935834165
    ],
    [
      0.9851924975320835,
      0.0029615004935834165,
      0.0029615004935834165,
      0.0029615004935834165,
      0.0029615004935834165,
      0.0029615004935834165
    ],
    [
      0.9851924975320835,
      0.0029615004935834165,
      0.0029615004935834165,
      0.0029615004935834165,
      0.0029615004935834165,
      0.0029615004935834165
    ],
    [
      0.9851924975320835,
      0.0029615004935834165,
      0.0029615004935834165,
      0.0029615004935834165,
      0.0029615004935834165,
      0.0029615004935834165
    ],
    [
      0.9851924975320835,
      0.0029615004935834165,
      0.0029615004935834165,
      0.0029615004935834165,
      0.0029615004935834165,
      0.0029615004935834165
    ],
    [
      0.9851924975320835,
      0.0029615004935834165,
      0.0029615004935834165,
      0.0029615004935834165,
      0.0029615004935834165,
      0.0029615004935834165
    ]
  ],
  [
    [
      0.9851924975320835,
      0.0029615004935834165,
      0.0029615004935834165,
      0.0029615004935834165,
      0.0029615004935834165,
      0.0029615004935834165
    ],
    [
      0.9430824778008834,
      0.03740203410404551,
      0.006735836992442366,
      0.004131089122716763,
      0.0056520927414494245,
      0.002996469238462622
    ],
    [
      0.8865198565938793,
      0.04928108080321935,
      0.0065949417231552674,
      0.005641914440237059,
      0.04896479054054212,
      0.002997415898967014
    ],
    [
      0.8491985111746336,
      0.04408159314640407,
      0.007496220618090571,
      0.005496191879065504,
      0.0907300187082056,
      0.002997464473600854
    ],
    [
      0.852231150768671,
      0.0397979267918483,
      0.009161656180599385,
      0.0051015272899481694,
      0.0907102657903613,
      0.0029974731785718874
    ],
    [
      0.7581082281489425,
      0.038339932487847755,
      0.0089724210374847,
      0.004990766312729897,
      0.1865914034973782,
      0.0029972485156169485
    ],
    [
      0.5244395127349656,
      0.029998123953062353,
      0.007454277086077518,
      0.003913742940187335,
      0.4311979645716881,
      0.0029963787140191035
    ],
    [
      0.771337051072713,
      0.029831285925093546,
      0.006683923485206104,
      0.00412356906239928,
      0.18502783735208345,
      0.0029963331025046665
    ],
    [
      0.5938292572437952,
      0.04060911812755545,
      0.010280012833797335,
      0.007217436499299482,
      0.34506947672801075,
      0.0029946985675418664
    ],
    [
      0.9851924975320835,
      0.0029615004935834165,
      0.0029615004935834165,
      0.0029615004935834165,
      0.0029615004935834165,
      0.0029615004935834165
    ],
    [
      0.8220800212591771,
      0.0929794426999149,
      0.03885360046649643,
      0.019094944679536284,
      0.023997956844110588,
      0.0029940340507649005
    ],
    [
      0.796776227291937,
      0.10404410819503372,
      0.041734446720031786,
      0.021223093480580445,
      0.033228125180888364,
      0.002993999131528727
    ],
    [
      0.9851924975320835,
      0.0029615004935834165,
      0.0029615004935834165,
      0.0029615004935834165,
      0.0029615004935834165,
      0.0029615004935834165
    ],
    [
      0.9851924975320835,
      0.0029615004935834165,
      0.0029615004935834165,
      0.0029615004935834165,
      0.0029615004935834165,
      0.0029615004935834165
    ],
    [
      0.9851924975320835,
      0.0029615004935834165,
      0.0029615004935834165,
      0.0029615004935834165,
      0.0029615004935834165,
      0.0029615004935834165
    ],
    [
      0.48445439774430055,
      0.12799627210898512,
      0.04548266014514835,
      0.02447197300160793,
      0.3146008488678016,
      0.002993848132156601
    ],
    [
      0.421413065685552,
      0.12662145634977562,
      0.03983890757153742,
      0.017357484073291334,
      0.39177498307060654,
      0.002994103249237191
    ],
    [
      0.6634237158907751,
      0.10548064924782424,
      0.023977471130514395,
      0.011731703332700974,
      0.19239203753184567,
      0.0029944228663396216
    ],
    [
      0.6629205572724475,
      0.0932185871000672,
      0.019576775972425995,
      0.011158684938281172,
      0.2101307806972109,
      0.0029946140195673083
    ],
    [
      0.49244844869505705,
      0.08677956095640399,
      0.015029779801890538,
      0.012165302503992972,
      0.39058195825208986,
      0.002994949790565784
    ],
    [
      0.6901944586562166,
      0.091945852181519,
      0.018099448892618962,
      0.010899318764992668,
      0.1858660831271688,
      0.0029948383774839322
    ],
    [
      0.41094780830646854,
      0.08126370914212501,
      0.014419810381934794,
      0.012246691629585464,
      0.4781268548406297,
      0.0029951256992566586
    ],
    [
      0.3932192024246269,
      0.06201967307344439,
      0.013556630703434441,
      0.010714602754354303,
      0.517495020191693,
      0.002994870852447006
    ],
    [
      0.9851924975320835,
      0.0029615004935834165,
      0.0029615004935834165,
      0.0029615004935834165,
      0.0029615004935834165,
      0.0029615004935834165
    ],
    [
      0.8241936323589165,
      0.05223986695810276,
      0.017711815550589153,
      0.006345415921710309,
      0.09651525544767804,
      0.0029940137630033166
    ],
    [
      0.4934277786032926,
      0.04980339299031876,
      0.01331973398942758,
      0.008830814489819476,
      0.4316237919452775,
      0.002994487981864222
    ],
    [
      0.4671005446967249,
      0.06299873555402886,
      0.019764280327820766,
      0.012687128445906045,
      0.4344546786915796,
      0.0029946322839397074
    ],
    [
      0.6227950435259294,
      0.1182906183286106,
      0.0424286909075626,
      0.02320076520922905,
      0.19029044446983753,
      0.002994437558830907
    ],
    [
      0.39768513129768557,
      0.16308859512971444,
      0.051448974189902574,
      0.027095353072224243,
      0.3576877638101844,
      0.002994182500288963
    ],
    [
      0.37572993040183855,
      0.18602771952347877,
      0.06282925598971062,
      0.02757192224043549,
      0.34484661502410635,
      0.0029945568204302843
    ],
    [
      0.5959160492501299,
      0.20995983217065664,
      0.04268943161135656,
      0.0401229632248679,
      0.10831728313731244,
      0.002994440605676595
    ],
    [
      0.5897825737845025,
      0.2019799269163418,
      0.03761028453913728,
      0.04039076280787001,
      0.127242155420946,
      0.0029942965312025473
    ],
    [
      0.3846740917015067,
      0.16950686281353095,
      0.04162493888978717,
      0.02845942429218077,
      0.3727406720265783,
      0.0029940102764162172
    ],
    [
      0.3470149257764069,
      0.128492543412873,
      0.03488577638259631,
      0.01739102003670085,
      0.4692215539137844,
      0.002994180477638607
    ],
    [
      0.447322669538737,
      0.09475445131902313,
      0.01792135841083618,
      0.013020554425811072,
      0.42398607892500023,
      0.002994887380592566
    ],
    [
      0.7906551637425637,
      0.08104853698164413,
      0.016843779782198892,
      0.00902775582865057,
      0.09942935259559013,
      0.0029954110693525956
    ],
    [
      0.9341398826160241,
      0.045118474551562766,
      0.007092422336365061,
      0.004538273857087902,
      0.006113416052550342,
      0.002997530586409808
    ],
    [
      0.9545309371332092,
      0.03160992061783064,
      0.004472837051304434,
      0.0032115641221719775,
      0.0031765310939686556,
      0.0029982099815151274
    ],
    [
      0.9624238267397986,
      0.024642741561638662,
      0.0039469920044763835,
      0.0029954798980288194,
      0.0029954798980288194,
      0.0029954798980288194
    ],
    [
      0.9851924975320835,
      0.0029615004935834165,
      0.0029615004935834165,
      0.0029615004935834165,
      0.0029615004935834165,
      0.0029615004935834165
    ]
  ],
  [
    [
      0.9851924975320835,
      0.0029615004935834165,
      0.0029615004935834165,
      0.0029615004935834165,
      0.0029615004935834165,
      0.0029615004935834165
    ],
    [
      0.8718241763422556,
      0.08211930621078839,
      0.018538684864312673,
      0.008579970367997507,
      0.015942504928252887,
      0.002995357286392875
    ],
    [
      0.7427085722692502,
      0.126740270796098,
      0.01079083180257225,
      0.01351374590800411,
      0.10325035550373828,
      0.0029962237203372236
    ],
    [
      0.530136232698327,
      0.0863907704986152,
      0.01614718978780093,
      0.011749537443914876,
      0.35257990207925266,
      0.002996367492089608
    ],
    [
      0.7171116848448329,
      0.0674326381055981,
      0.020766303866075714,
      0.008578043209752565,
      0.18311540800319046,
      0.0029959219705503293
    ],
    [
      0.5169977682882942,
      0.05815686446149142,
      0.015902360322676314,
      0.009021814950987,
      0.3969253790206141,
      0.0029958129559369464
    ],
    [
      0.7284787163592613,
      0.053149604038875704,
      0.016959880160716072,
      0.00648151420674189,
      0.19193513550914446,
      0.0029951497252605607
    ],
    [
      0.9851924975320835,
      0.0029615004935834165,
      0.0029615004935834165,
      0.0029615004935834165,
      0.0029615004935834165,
      0.0029615004935834165
    ],
    [
      0.9851924975320835,
      0.0029615004935834165,
      0.0029615004935834165,
      0.0029615004935834165,
      0.0029615004935834165,
      0.0029615004935834165
    ],
    [
      0.8667250594528071,
      0.05104300883745164,
      0.018337919884618716,
      0.006720927987149167,
      0.05417926964248934,
      0.0029938141954841176
    ],
    [
      0.9851924975320835,
      0.0029615004935834165,
      0.0029615004935834165,
      0.0029615004935834165,
      0.0029615004935834165,
      0.0029615004935834165
    ],
    [
      0.8110426581984626,
      0.09638969000317474,
      0.038443208826947156,
      0.019606829311926827,
      0.031523766544513325,
      0.00299384711497535
    ],
    [
      0.9851924975320835,
      0.0029615004935834165,
      0.0029615004935834165,
      0.0029615004935834165,
      0.0029615004935834165,
      0.0029615004935834165
    ],
    [
      0.6337126913864803,
      0.19235687848921507,
      0.0230594491259049,
      0.036137316026108195,
      0.11173894755980751,
      0.0029947174124839546
    ],
    [
      0.5878788014638522,
      0.20839906021397647,
      0.04061524622638049,
      0.042551062329716484,
      0.11756113506422959,
      0.0029946947018447334
    ],
    [
      0.5222055482100763,
      0.20593262825896247,
      0.04478112662212474,
      0.03347399977891099,
      0.19061197072950647,
      0.0029947264004189515
    ],
    [
      0.5019077671470645,
      0.2233524934397849,
      0.019577092460993713,
      0.026147132689026072,
      0.22602071519447903,
      0.0029947990686517273
    ],
    [
      0.36281036066248445,
      0.20577423486896515,
      0.00929649415536311,
      0.021785490142817394,
      0.39733881422338846,
      0.0029946059469814308
    ],
    [
      0.3337217038208135,
      0.169410811714425,
      0.0070905940211159965,
      0.020867376307058393,
      0.46591482753079483,
      0.00299468660579236
    ],
    [
      0.5509093294569692,
      0.172258121223282,
      0.00644252949025954,
      0.018881723413575476,
      0.24851322665371245,
      0.002995069762201443
    ],
    [
      0.655028401967462,
      0.1756555471636574,
      0.0064887015736223635,
      0.018520601073648203,
      0.14131154105602314,
      0.0029952071655868174
    ],
    [
      0.5401024037945596,
      0.1643545002120922,
      0.0075263706987944035,
      0.018478714778147082,
      0.26654266652954933,
      0.002995343986857575
    ],
    [
      0.3002170128135699,
      0.11501383051799288,
      0.017775422518561297,
      0.01647115130489091,
      0.5475271160816102,
      0.0029954667633748625
    ],
    [
      0.6925492548380042,
      0.08802331525029669,
      0.026991945126758968,
      0.011923435055000316,
      0.17751728204910808,
      0.002994767680831635
    ],
    [
      0.9851924975320835,
      0.0029615004935834165,
      0.0029615004935834165,
      0.0029615004935834165,
      0.0029615004935834165,
      0.0029615004935834165
    ],
    [
      0.9851924975320835,
      0.0029615004935834165,
      0.0029615004935834165,
      0.0029615004935834165,
      0.0029615004935834165,
      0.0029615004935834165
    ],
    [
      0.9851924975320835,
      0.0029615004935834165,
      0.0029615004935834165,
      0.0029615004935834165,
      0.0029615004935834165,
      0.0029615004935834165
    ],
    [
      0.6235546633735326,
      0.14424186536082775,
      0.047970629857833735,
      0.027136939158866558,
      0.15410121785305775,
      0.0029946843958816726
    ],
    [
      0.3357864639095057,
      0.2512454418146853,
      0.03423185767632824,
      0.03204252585279436,
      0.343699065718164,
      0.002994645028522444
    ],
    [
      0.40890132326135803,
      0.3277292030312383,
      0.023323284322104728,
      0.03376532304819076,
      0.2032861582731604,
      0.0029947080639479125
    ],
    [
      0.4282256269915397,
      0.3808212734661269,
      0.016094998139087636,
      0.04017712998305798,
      0.1316863618729586,
      0.0029946095472292594
    ],
    [
      0.4597692843549493,
      0.33865097784910336,
      0.01358619217773859,
      0.03665853596432735,
      0.14834038253791254,
      0.0029946271159689395
    ],
    [
      0.32195074879478297,
      0.27918759359915074,
      0.014346548835586804,
      0.031275086449551896,
      0.3502455256469731,
      0.0029944966739545798
    ],
    [
      0.5131687236409995,
      0.22022758543630255,
      0.011977566132278537,
      0.024683896917797144,
      0.22694733441209286,
      0.0029948934605295565
    ],
    [
      0.6511517449853452,
      0.1750098104583657,
      0.00794447654817483,
      0.018670432158578727,
      0.14422833089967982,
      0.0029952049498558
    ],
    [
      0.7724089420754069,
      0.14277472920110634,
      0.00605673346939053,
      0.01429853086236769,
      0.061464984180724436,
      0.0029960802110041863
    ],
    [
      0.8606696910265158,
      0.07106091877469492,
      0.004626134263208837,
      0.005877654430084643,
      0.05476714174891191,
      0.0029984597565839086
    ],
    [
      0.7992167325585309,
      0.044619265307684154,
      0.0037839082971373346,
      0.0033898365081785026,
      0.14599107965629998,
      0.0029991776721692265
    ],
    [
      0.8138042946189458,
      0.029595390601758698,
      0.004253575478157382,
      0.003095889841252369,
      0.14625295479708894,
      0.0029978946627969264
    ],
    [
      0.9851924975320835,
      0.0029615004935834165,
      0.0029615004935834165,
      0.0029615004935834165,
      0.0029615004935834165,
      0.0029615004935834165
    ]
  ],
  [
    [
      0.9851924975320835,
      0.0029615004935834165,
      0.0029615004935834165,
      0.0029615004935834165,
      0.0029615004935834165,
      0.0029615004935834165
    ],
    [
      0.7707044393988443,
      0.09772375948157588,
      0.02727075215916807,
      0.011360516278525046,
      0.08994595148818986,
      0.002994581193697057
    ],
    [
      0.7030100553306133,
      0.15004443569705322,
      0.02343243798899905,
      0.01822985799581143,
      0.10228798517252183,
      0.0029952278150011543
    ],
    [
      0.7475484926191317,
      0.10269359410730697,
      0.027735561413466052,
      0.013864184026905077,
      0.10516325603660255,
      0.002994911796587546
    ],
    [
      0.9851924975320835,
      0.0029615004935834165,
      0.0029615004935834165,
      0.0029615004935834165,
      0.0029615004935834165,
      0.0029615004935834165
    ],
    [
      0.9851924975320835,
      0.0029615004935834165,
      0.0029615004935834165,
      0.0029615004935834165,
      0.0029615004935834165,
      0.0029615004935834165
    ],
    [
      0.9851924975320835,
      0.0029615004935834165,
      0.0029615004935834165,
      0.0029615004935834165,
      0.0029615004935834165,
      0.0029615004935834165
    ],
    [
      0.9851924975320835,
      0.0029615004935834165,
      0.0029615004935834165,
      0.0029615004935834165,
      0.0029615004935834165,
      0.0029615004935834165
    ],
    [
      0.9851924975320835,
      0.0029615004935834165,
      0.0029615004935834165,
      0.0029615004935834165,
      0.0029615004935834165,
      0.0029615004935834165
    ],
    [
      0.9851924975320835,
      0.0029615004935834165,
      0.0029615004935834165,
      0.0029615004935834165,
      0.0029615004935834165,
      0.0029615004935834165
    ],
    [
      0.9851924975320835,
      0.0029615004935834165,
      0.0029615004935834165,
      0.0029615004935834165,
      0.0029615004935834165,
      0.0029615004935834165
    ],
    [
      0.9851924975320835,
      0.0029615004935834165,
      0.0029615004935834165,
      0.0029615004935834165,
      0.0029615004935834165,
      0.0029615004935834165
    ],
    [
      0.9851924975320835,
      0.0029615004935834165,
      0.0029615004935834165,
      0.0029615004935834165,
      0.0029615004935834165,
      0.0029615004935834165
    ],
    [
      0.6061366051911026,
      0.21600019354203695,
      0.0385658310601181,
      0.044249996786534296,
      0.09205274801961424,
      0.0029946254005939954
    ],
    [
      0.5018927180445134,
      0.31662657943504674,
      0.020303139404090887,
      0.03932957968966637,
      0.11885322404196129,
      0.002994759384721356
    ],
    [
      0.38378492342887444,
      0.303853655432234,
      0.010949890985221667,
      0.03247190629845033,
      0.2659451360981747,
      0.0029944877570449546
    ],
    [
      0.5080429038844506,
      0.29087027554784184,
      0.004645032531379735,
      0.02915283446168879,
      0.16429428390356646,
      0.002994669671072635
    ],
    [
      0.5161225597334724,
      0.24719562042619075,
      0.0029893773074723103,
      0.025779586049158896,
      0.20492347917623333,
      0.0029893773074723103
    ],
    [
      0.5043530108064145,
      0.22746864771032071,
      0.002989256932674998,
      0.02418011095276317,
      0.23801971666515195,
      0.002989256932674998
    ],
    [
      0.41969206557753175,
      0.2265277666587427,
      0.0029889763233950845,
      0.022788590783493833,
      0.32501362433344166,
      0.0029889763233950845
    ],
    [
      0.6372891891244178,
      0.23529050747469854,
      0.0029895670529903433,
      0.02415672711445966,
      0.0972844421804436,
      0.0029895670529903433
    ],
    [
      0.5948823143806573,
      0.2352826806267855,
      0.002992300782400243,
      0.024590124127048713,
      0.13926027930070825,
      0.002992300782400243
    ],
    [
      0.3835778755681126,
      0.20812212603524227,
      0.011128418317799572,
      0.02307913229898589,
      0.37109776976352893,
      0.002994678016330737
    ],
    [
      0.6574088780143162,
      0.1466261245207691,
      0.03621991804575763,
      0.02213626087132031,
      0.13461390673011958,
      0.002994911817717203
    ],
    [
      0.8574188623222287,
      0.08328767139121519,
      0.026995398221518366,
      0.010543942469014276,
      0.018759685597802986,
      0.0029944399982204857
    ],
    [
      0.9851924975320835,
      0.0029615004935834165,
      0.0029615004935834165,
      0.0029615004935834165,
      0.0029615004935834165,
      0.0029615004935834165
    ],
    [
      0.9851924975320835,
      0.0029615004935834165,
      0.0029615004935834165,
      0.0029615004935834165,
      0.0029615004935834165,
      0.0029615004935834165
    ],
    [
      0.745027971698224,
      0.12175923461452816,
      0.0448887176824773,
      0.023584177698756797,
      0.06174551106240928,
      0.0029943872436044424
    ],
    [
      0.5937879614514414,
      0.20300695382632972,
      0.04753388090575513,
      0.031598618855817065,
      0.12107779483912841,
      0.002994790121528351
    ],
    [
      0.5270701123611179,
      0.3100580043692325,
      0.020261744131329168,
      0.03210797971749892,
      0.10750747745498695,
      0.0029946819658345602
    ],
    [
      0.506237211616683,
      0.3497664934725909,
      0.010330571877566249,
      0.032363335000961106,
      0.09830779664748478,
      0.0029945913847140705
    ],
    [
      0.4745477283187212,
      0.3530486912504845,
      0.004222601902827202,
      0.03135415045348657,
      0.13383228288253568,
      0.002994545191944847
    ],
    [
      0.504111565447853,
      0.30643219766502794,
      0.002989321286000316,
      0.02868809708726609,
      0.15478949722785248,
      0.002989321286000316
    ],
    [
      0.6033453328353686,
      0.24042890102255504,
      0.0029897631631689565,
      0.024674517484167,
      0.1255717223315716,
      0.0029897631631689565
    ],
    [
      0.7223785712357513,
      0.19428416899936807,
      0.002990201591047401,
      0.019568017093071145,
      0.05778883948971473,
      0.002990201591047401
    ],
    [
      0.8020644330418173,
      0.1570810344149415,
      0.0029919875742860026,
      0.01516276160070207,
      0.019707795793967066,
      0.0029919875742860026
    ],
    [
      0.8090457217655904,
      0.07702234756593865,
      0.002996567521253794,
      0.006114241602024168,
      0.10182455402393926,
      0.002996567521253794
    ],
    [
      0.4711139699423165,
      0.04282549389498156,
      0.003003482016361025,
      0.003154759252294958,
      0.47690385096910726,
      0.0029984439249387406
    ],
    [
      0.484243600309119,
      0.025419650167643238,
      0.003487731649576611,
      0.0029962416811056855,
      0.48085653451144983,
      0.0029962416811056855
    ],
    [
      0.9851924975320835,
      0.0029615004935834165,
      0.0029615004935834165,
      0.0029615004935834165,
      0.0029615004935834165,
      0.0029615004935834165
    ]
  ],
  [
    [
      0.9851924975320835,
      0.0029615004935834165,
      0.0029615004935834165,
      0.0029615004935834165,
      0.0029615004935834165,
      0.0029615004935834165
    ],
    [
      0.4580383918713983,
      0.11547256730165466,
      0.0463418531743136,
      0.017802857738381618,
      0.3593501531192232,
      0.002994176795028813
    ],
    [
      0.6418987524115609,
      0.14530288832668087,
      0.053686924865133566,
      0.026393692812535036,
      0.12972278602203946,
      0.002994955562050178
    ],
    [
      0.7644942160348898,
      0.11389123140269765,
      0.04384869652140676,
      0.02201825672262784,
      0.052753147892056325,
      0.0029944514263218333
    ],
    [
      0.9851924975320835,
      0.0029615004935834165,
      0.0029615004935834165,
      0.0029615004935834165,
      0.0029615004935834165,
      0.0029615004935834165
    ],
    [
      0.9851924975320835,
      0.0029615004935834165,
      0.0029615004935834165,
      0.0029615004935834165,
      0.0029615004935834165,
      0.0029615004935834165
    ],
    [
      0.9851924975320835,
      0.0029615004935834165,
      0.0029615004935834165,
      0.0029615004935834165,
      0.0029615004935834165,
      0.0029615004935834165
    ],
    [
      0.9851924975320835,
      0.0029615004935834165,
      0.0029615004935834165,
      0.0029615004935834165,
      0.0029615004935834165,
      0.0029615004935834165
    ],
    [
      0.8894131069876428,
      0.06543678152323969,
      0.02039565625932506,
      0.006940582518672922,
      0.014819790012279893,
      0.00299408269883977
    ],
    [
      0.8484058029489884,
      0.09582382852387011,
      0.02310496012116045,
      0.011098617342709241,
      0.018572471565730303,
      0.0029943194975417175
    ],
    [
      0.769125476232863,
      0.13442585320713876,
      0.045719981128116226,
      0.021054792376396653,
      0.02667953322573817,
      0.0029943638297472734
    ],
    [
      0.6324933959178458,
      0.14939057712996698,
      0.08766286056043296,
      0.02554677563033247,
      0.1019119551823506,
      0.002994435579071239
    ],
    [
      0.4581903440417488,
      0.16733408143746,
      0.053129183770203134,
      0.030140821735995523,
      0.28821150669709883,
      0.002994062317493802
    ],
    [
      0.5438228478839953,
      0.25116731885528987,
      0.03422781027455695,
      0.041657848785278395,
      0.12612981466186723,
      0.002994359539012488
    ],
    [
      0.4685390966559071,
      0.3853051015422301,
      0.00926469901232219,
      0.03667945961760049,
      0.0972173234346086,
      0.0029943197373316346
    ],
    [
      0.48073978679591056,
      0.370179682742063,
      0.0029886098087024025,
      0.03146128282168159,
      0.11164202802294014,
      0.0029886098087024025
    ],
    [
      0.44782525345889446,
      0.34072877489188974,
      0.002988713396723059,
      0.031841026317929545,
      0.17362751853784028,
      0.002988713396723059
    ],
    [
      0.3393033319928097,
      0.25188111342434033,
      0.002988382472154288,
      0.029340036048511903,
      0.3734987535900295,
      0.002988382472154288
    ],
    [
      0.5346991701786427,
      0.2547179650577407,
      0.002988567259458174,
      0.03403982512132333,
      0.1705659051233771,
      0.002988567259458174
    ],
    [
      0.5578950715397768,
      0.2798759686665544,
      0.002988660316967238,
      0.03056931671575705,
      0.1256823224439774,
      0.002988660316967238
    ],
    [
      0.537179542825154,
      0.2856121299987825,
      0.002988456104096418,
      0.03149631016374679,
      0.13973510480412396,
      0.002988456104096418
    ],
    [
      0.5164651227348239,
      0.29789190488517114,
      0.0029882716451894334,
      0.03874286902492473,
      0.14092356006470141,
      0.0029882716451894334
    ],
    [
      0.5877578672629831,
      0.25039525065788754,
      0.0043130822762910154,
      0.03014145854461977,
      0.12439810104304233,
      0.002994240215176365
    ],
    [
      0.6687165545682738,
      0.19213890687399876,
      0.012279764370842711,
      0.022003247786529706,
      0.10186694654752623,
      0.002994579852828888
    ],
    [
      0.7074849745015164,
      0.11355565970199921,
      0.022519600203813057,
      0.013897063610437372,
      0.13954810107515317,
      0.002994600907080888
    ],
    [
      0.7409740045843172,
      0.08851940920020282,
      0.02197839801464416,
      0.010098518524890084,
      0.13543534021473524,
      0.002994329461210495
    ],
    [
      0.7835020007988794,
      0.08577851471744659,
      0.02479810949250293,
      0.009903364678009056,
      0.09302390027598535,
      0.002994110037176751
    ],
    [
      0.9851924975320835,
      0.0029615004935834165,
      0.0029615004935834165,
      0.0029615004935834165,
      0.0029615004935834165,
      0.0029615004935834165
    ],
    [
      0.6700881916430863,
      0.1286421411434811,
      0.04435430514457789,
      0.023434651195613044,
      0.13048658998851284,
      0.0029941208847289098
    ],
    [
      0.6250357362610295,
      0.16479716160445093,
      0.04384867562104296,
      0.026227829575627613,
      0.13709628114331499,
      0.0029943157945340575
    ],
    [
      0.5410348291230261,
      0.2140031383629422,
      0.03713114120723138,
      0.028041324014737787,
      0.1767951633355724,
      0.002994403956490169
    ],
    [
      0.38691734199178646,
      0.3078854991445654,
      0.009944055123543879,
      0.029372854539908292,
      0.26288598811730685,
      0.0029942610828892083
    ],
    [
      0.5376280860053871,
      0.27993279676642946,
      0.00298897269158462,
      0.026521148431415925,
      0.14994002341359833,
      0.00298897269158462
    ],
    [
      0.4509513129041501,
      0.23205941251486928,
      0.0029892640459226487,
      0.023059737503866404,
      0.287951008985269,
      0.0029892640459226487
    ],
    [
      0.6912111937899277,
      0.19390366948998872,
      0.0029901182748202026,
      0.01938781613862167,
      0.08951708403182168,
      0.0029901182748202026
    ],
    [
      0.8020644330418173,
      0.1570810344149415,
      0.0029919875742860026,
      0.01516276160070207,
      0.019707795793967066,
      0.0029919875742860026
    ],
    [
      0.8090457217655903,
      0.07702234756593866,
      0.002996567521253794,
      0.006114241602024167,
      0.10182455402393929,
      0.002996567521253794
    ],
    [
      0.7044956232681948,
      0.04578446794322593,
      0.0032191338496702195,
      0.0032302220566725374,
      0.24027163416644787,
      0.002998918715788781
    ],
    [
      0.7667189456318924,
      0.029798491753678526,
      0.0040552656305256115,
      0.0030410379073151834,
      0.19338848084253102,
      0.002997778234057339
    ],
    [
      0.9851924975320835,
      0.0029615004935834165,
      0.0029615004935834165,
      0.0029615004935834165,
      0.0029615004935834165,
      0.0029615004935834165
    ]
  ],
  [
    [
      0.9851924975320835,
      0.0029615004935834165,
      0.0029615004935834165,
      0.0029615004935834165,
      0.0029615004935834165,
      0.0029615004935834165
    ],
    [
      0.446878380203069,
      0.14510762938581914,
      0.05470218604052273,
      0.03072853986819775,
      0.3195891192923121,
      0.002994145210079387
    ],
    [
      0.6247223895215978,
      0.15137121640326767,
      0.05739300622381008,
      0.03271911340363461,
      0.13079967587873523,
      0.0029945985689547854
    ],
    [
      0.9851924975320835,
      0.0029615004935834165,
      0.0029615004935834165,
      0.0029615004935834165,
      0.0029615004935834165,
      0.0029615004935834165
    ],
    [
      0.6327712237391715,
      0.08185562310588969,
      0.032478822922883774,
      0.01659721235814106,
      0.23330390405968618,
      0.002993213814227898
    ],
    [
      0.9851924975320835,
      0.0029615004935834165,
      0.0029615004935834165,
      0.0029615004935834165,
      0.0029615004935834165,
      0.0029615004935834165
    ],
    [
      0.8488458904526361,
      0.06660569429216703,
      0.02098564853704427,
      0.007504528384337993,
      0.05306404874233325,
      0.0029941895914812303
    ],
    [
      0.7773860532619742,
      0.09053660636757113,
      0.02391202649927589,
      0.010274236342237765,
      0.0948964241830767,
      0.002994653345864413
    ],
    [
      0.7627607676866504,
      0.1048683406081485,
      0.020777199339866263,
      0.011555538500962317,
      0.09704349314107667,
      0.002994660723296
    ],
    [
      0.7077422630834939,
      0.15960890825161386,
      0.011504811839694996,
      0.016840805753230145,
      0.10130851084578148,
      0.0029947002261856855
    ],
    [
      0.6425985671963018,
      0.24082846659867857,
      0.01787816758303122,
      0.024548595078315843,
      0.07115135420106526,
      0.002994849342607345
    ],
    [
      0.6153270771934507,
      0.2237041861913155,
      0.025880002794251882,
      0.025935720387791773,
      0.10615836728795902,
      0.002994646145231152
    ],
    [
      0.4538322842261124,
      0.26012099262141913,
      0.019378489091086908,
      0.02872086535383543,
      0.23495299212816156,
      0.0029943765793845737
    ],
    [
      0.3961284887445369,
      0.34612699022670484,
      0.00952860910475976,
      0.0329804237363018,
      0.21224113409285697,
      0.0029943540948398468
    ],
    [
      0.3538676591142746,
      0.46167950280110487,
      0.0037733871188343677,
      0.0381928768829002,
      0.13949214126691448,
      0.0029944328159716045
    ],
    [
      0.42480693394807273,
      0.43924223414303726,
      0.0029890064296251607,
      0.03450663523634149,
      0.09546618381329831,
      0.0029890064296251607
    ],
    [
      0.40508662626807246,
      0.3608674896484514,
      0.0029885516947875806,
      0.03049533690704214,
      0.19757344378685887,
      0.0029885516947875806
    ],
    [
      0.26424599974115837,
      0.25318603693810465,
      0.0029878663076179884,
      0.03342066450520599,
      0.44317156620029496,
      0.0029878663076179884
    ],
    [
      0.47004227002972837,
      0.27870235846280705,
      0.0029882272403681897,
      0.06483622892751068,
      0.1804426880992177,
      0.0029882272403681897
    ],
    [
      0.4607581567498847,
      0.38624701889309976,
      0.002989092604286646,
      0.041699698724350205,
      0.10531694042409213,
      0.002989092604286646
    ],
    [
      0.3077047220512118,
      0.359065568779996,
      0.002987620706919214,
      0.039641583026810055,
      0.2876128847281438,
      0.002987620706919214
    ],
    [
      0.338283861194962,
      0.29724245881018796,
      0.0029873333694873626,
      0.06623456587155106,
      0.2922644473843242,
      0.0029873333694873626
    ],
    [
      0.5719052634810616,
      0.2578491886316181,
      0.002988007197100602,
      0.033891082983536644,
      0.13037845050958252,
      0.002988007197100602
    ],
    [
      0.5931155576505228,
      0.20499774443991525,
      0.002992989278982421,
      0.021464472371248638,
      0.17443624698034854,
      0.002992989278982421
    ],
    [
      0.378468757456393,
